"","aaeA","aaeB","aaeX","agp","cpdB","cstA","dksA","glgS","glpR","gluQ","gpsA","grpE","grxC","hofB","hofC","hofM","hofN","hofO","hofP","ilvB","ilvN","ivbL","lacI","mhpR","nadC","ompA","patZ","ppdD","preA","preT","priB","raiA","rmf","rplI","rpsF","rpsR","secB","sfsA","sxy","ubiG","uhpA","uhpB","uhpC","ychH","yeiP","yfiP","yibN","crp"
"aaeA",1,-0.31742838291119,-0.0995377556180088,0.0449925993244783,-0.0213392604258722,-0.131407140871618,-0.0913131873797498,-0.0856272866423915,0.134497200881075,0.360463031518334,-0.0175261369997688,-0.28363272040894,-0.0979771295257074,0.118257164156211,0.311568917663772,0.241233514091438,0.503215371808528,0.163503300150658,0.234537956728672,-0.0367489562059896,0.055364352980145,0.0210012283821351,0.370934319292739,0.255312099791939,0.413092383325628,-0.186983652539084,0.0331013739028287,0.425311650919495,-0.0258575106307351,-0.0135512172376804,-0.323530404931701,0.0475755445890418,0.279876764801571,-0.0370153016149869,-0.217151902839763,0.0622702494270024,-0.157289327006538,-0.0920289652393441,0.0189658420868833,-0.189140600649549,0.302298205716397,0.0626660756575469,0.323554489367824,-0.0485065626533738,0.123704864399358,0.57796723588035,-0.043922000988246,-0.105574913754943
"aaeB",-0.31742838291119,1,0.431992683317065,0.157611366598011,-0.0183537301019104,0.145258007295509,-0.125686766134598,0.0788966167131425,-0.012896571983638,0.116084984973452,-0.0768501756762014,0.0846888409013074,-0.0839192085468299,0.21417030489834,0.203847028450974,0.198725064327298,-0.0277886479057783,0.242276934687476,0.140556591228001,-0.177232638148463,-0.0957237860087643,0.0094918583685699,-0.0378842094511729,-0.072252922653361,-0.175740487725239,0.238723749149525,-0.106444341698174,0.115564783273313,0.132807107868164,0.0853987343734277,0.160012743250455,-0.363625101742268,-0.571172232233561,-0.142914048801888,0.229777890680546,-0.132427473532565,0.322031098818293,0.0195947871960102,0.340676374221571,-0.0517863065445881,-0.455011751802466,0.214736788413065,0.00712665349571137,-0.055053886063995,-0.15533278863459,-0.215496402843116,-0.325902259248104,0.00956553695688854
"aaeX",-0.0995377556180088,0.431992683317065,1,0.00374979544362478,-0.115021674241482,0.191486822517122,0.0961028126797517,-0.0291608838170949,0.0424010959734445,0.241721664315638,-0.282210076150943,-0.084074204270584,-0.062381898275716,0.19492435308506,0.210869063712439,0.415397973857876,0.0707220177628294,0.267431130838629,0.31431668809913,-0.207680106547408,0.0940530601396481,-0.0814484854308316,-0.0586787251419481,-0.0684227968908062,-0.0585518014997342,0.0142511100866129,-0.124371341796005,0.0971878919905768,0.32533799421773,0.303390583115673,0.250781193002672,-0.278858266663485,-0.455579508797778,-0.162618963580101,0.17659535159376,-0.220057278058489,-0.0123817487391321,-0.16057742403545,0.389781446627011,0.122791132889819,-0.301393670741207,0.400209943714806,0.128062995726607,-0.090676810435237,-0.00757266165531288,0.0107134056848991,-0.257076327466981,-0.181684026248997
"agp",0.0449925993244783,0.157611366598011,0.00374979544362478,1,-0.140118854184276,0.181090701778888,-0.141796401612835,0.203835769440171,0.0856529164788723,0.0771262274067942,0.0561641944130354,-0.0336543527464397,-0.0784518820595934,0.0280223036531505,0.227920574399049,-0.0195188692418545,0.314792783584315,0.0325649975034808,-0.0332185647253604,-0.0931339892217315,-0.127262479300716,0.0939130581014538,0.149511980577615,0.0225256790525139,0.260603261309292,-0.0367999055607242,-0.0861847209064752,0.192553663067457,-0.0362743818267267,-0.0164160474022052,-0.0377203461624493,0.0525309778502677,-0.02836037646822,-0.26793162361408,0.0660504114812763,0.291922312952781,0.132993057869055,0.060345296433391,0.0138943090959029,-0.2368182129515,-0.00823400052630747,-0.0315154534140528,0.0426273119587397,0.0163430149802615,0.260854508099965,0.0236797618846115,-0.0595837424907397,0.087395017353319
"cpdB",-0.0213392604258722,-0.0183537301019104,-0.115021674241482,-0.140118854184276,1,0.0160376392646317,0.00736437948905459,-0.271877810625968,-0.0790646154336343,-0.0681355137677001,-0.0341706890379118,-0.0271242573151929,-0.0103492088094743,-0.073749283361953,-0.0446618594975036,-0.0816715252277912,-0.0857561833770271,-0.0824880072059272,0.000609603515086958,0.227999984541069,-0.0857714622528774,-0.113773851032984,0.179979592800557,0.312260518515216,-0.0724948831377914,-0.00804787104088592,0.235810816708515,-0.0351437337182366,-0.114227672970745,-0.0994925044150482,-0.145741298375704,0.0371014691748054,0.191620607182956,0.0394148625808185,-0.0996061590220134,0.0863552689772351,-0.0278062975633412,-0.24436074024637,-0.118729007914584,-0.184578561363537,0.108098179509253,0.11273641130286,-0.0793720274475364,0.0350333750352812,-0.143588684201171,0.0116165107553226,0.0540905179861076,0.0255092896858162
"cstA",-0.131407140871618,0.145258007295509,0.191486822517122,0.181090701778888,0.0160376392646317,1,0.144895420901185,0.0211082096813308,0.0687078909502408,0.0142426418915977,-0.233846279387813,-0.170223621286237,-0.0344401201009679,0.0409564869236446,0.124586720271413,0.0512654482574076,0.123058079288987,0.0222816782651713,0.0509255736984619,0.121178172660971,0.134975453833784,-0.0773109975152155,0.00405506388766233,0.108017802689128,-0.0168170566131866,0.00142758517699747,-0.127306469250052,0.0231098710418248,-0.00701291831161479,-0.0174125136951797,0.130023547461461,0.0524783688073749,-0.0625040405232254,-0.0626687682246191,0.0810358663811245,0.0756746321228143,0.00773192028596785,-0.0787368108643708,0.1327872363761,-0.0942902183588545,-0.170702037974616,0.138969098620721,-0.0406153021850716,0.0147220613275091,0.0116900594916965,-0.0312817196528589,-0.117094553225068,-0.0343247581766446
"dksA",-0.0913131873797498,-0.125686766134598,0.0961028126797517,-0.141796401612835,0.00736437948905459,0.144895420901185,1,-0.0308888306222514,-0.10669225583202,0.00624517064027491,-0.129564960310346,-0.0163783852594729,-0.0653850262365789,0.163128381801128,0.00382217216796238,0.118016242149983,-0.043735825819654,-0.175896712637144,0.116490017586276,0.0102204055766154,0.0359303660144827,-0.169775770986256,-0.0952731421305754,0.0277610730288164,-0.0447986663639301,-0.116097066772162,0.0261310004802851,-0.120176416658097,-0.0721360172217238,-0.0425003839720379,0.135279859160165,-0.0566334813647961,0.0304148655167495,-0.0615550739782693,0.0491825619075295,-0.0507443112004708,0.0408157109120408,0.0555081485336684,0.174034053479188,0.00115711193857472,0.0350760793301819,-0.0195068262088856,-0.0351562935973142,-0.141118141933224,0.0160291279576519,-0.0168297497266583,-0.0278735294316626,-0.226325802706751
"glgS",-0.0856272866423915,0.0788966167131425,-0.0291608838170949,0.203835769440171,-0.271877810625968,0.0211082096813308,-0.0308888306222514,1,0.0177422631240309,-0.0158448256552298,0.0644723666214351,0.249397320447804,0.16124171363499,-0.0229932057062178,0.0317650984459242,0.00776250717300639,0.0869364276566643,0.0249319525981041,-0.0643159550140389,-0.22203918730415,-0.0111729325438595,0.197987613765983,-0.0760516268545938,-0.1633389693771,0.123452463402008,0.217075031039507,-2.03239247794114e-05,0.0396236870033844,0.161604891974082,0.119800822420182,0.056580270258564,0.0658471510855292,-0.174366324375656,0.0375602541782367,0.211258161471498,0.0634609985759572,0.0979885745185556,0.268071120022721,0.105295970758183,0.242865124660488,-0.145433320227829,-0.17340971327722,0.0725575913226687,0.162996072497765,0.174687966359409,-0.14441820485167,-0.0496095790265208,0.0372654245951914
"glpR",0.134497200881075,-0.012896571983638,0.0424010959734445,0.0856529164788723,-0.0790646154336343,0.0687078909502408,-0.10669225583202,0.0177422631240309,1,0.13378531374453,-0.175370298169449,-0.156292214254555,-0.113079488236226,-0.031327253003123,0.049925766573489,0.15530780708793,0.126078486397848,0.112382505395756,0.0386359983804263,-0.12503118138131,-0.0792823445723809,0.0895865608984254,-0.0265009226002544,0.0388208072505203,0.0855637171275017,0.0385000050395175,-0.0292270800245148,0.0947444174268095,0.078749313410635,0.0509288241660651,-0.171259735394894,0.0368205066588899,0.0779517757387021,-0.0900170775136325,-0.125278262619993,0.0184815237957765,-0.0974794607784683,0.0696878978661189,0.092442336434686,-0.0260270332523583,0.0341578973627217,0.0648715868121949,0.0981229222663903,-0.0186678775916452,-0.0320152470169,0.107512446138452,-0.10794945967307,-0.0998803538533004
"gluQ",0.360463031518334,0.116084984973452,0.241721664315638,0.0771262274067942,-0.0681355137677001,0.0142426418915977,0.00624517064027491,-0.0158448256552298,0.13378531374453,1,-0.260882513866219,-0.122097451986799,-0.0804802662436105,0.35070447857565,0.347324063812222,0.452093279087887,0.416759538177749,0.328644934746956,0.291536409305923,-0.113634030295525,0.0471399278239304,-0.0336601035135356,0.240194584356791,0.144644778652365,0.275937688949562,0.126026794428082,-0.0336621509832198,0.368106885242624,0.286870315574041,0.193478637595624,0.028806476492093,-0.118362242129421,-0.206418608919182,-0.0271304328474389,-0.0452856088067417,-0.144844888849202,-0.173492678891274,0.0641999735219541,0.374605214326114,0.00979964065316615,-0.0972849949839918,0.229244585109761,0.264229118292292,-0.127945497440815,0.149360216365442,0.377605815346405,-0.220090474112474,-0.325393945981281
"gpsA",-0.0175261369997688,-0.0768501756762014,-0.282210076150943,0.0561641944130354,-0.0341706890379118,-0.233846279387813,-0.129564960310346,0.0644723666214351,-0.175370298169449,-0.260882513866219,1,0.237405450740586,0.0478761565637995,-0.059023531602886,-0.0500344764911046,-0.256112564271094,-0.256813279224213,-0.157434293279143,-0.196245261778598,0.0970276025686445,0.0888010612378447,-0.0120933446831868,-0.138376488513887,-0.0623311607296934,-0.144757216794172,-0.138016072289915,-0.00808571631897911,-0.11380904657726,-0.192186546499761,-0.204976853956312,-0.135166263127384,-0.0484754084146299,0.0904367260979047,0.0260459292884789,0.107273421664412,0.116616194084,0.39045379773712,0.143465510892551,-0.163344791223595,-0.201855133660973,0.148328755128458,-0.238559383008705,-0.143857122282822,0.0793199503422517,-0.0148267865235205,-0.0728439052951202,0.207810453762221,0.300520495450431
"grpE",-0.28363272040894,0.0846888409013074,-0.084074204270584,-0.0336543527464397,-0.0271242573151929,-0.170223621286237,-0.0163783852594729,0.249397320447804,-0.156292214254555,-0.122097451986799,0.237405450740586,1,0.317806666449935,-0.1510485763862,-0.186162872977253,-0.188299700144585,-0.243432317619037,-0.140681331829506,-0.154667520615356,-0.0490767536423039,0.0380262079953621,0.0732631330953242,-0.0555146001136638,-0.0708051591081174,-0.199150433902573,0.152604712177729,-0.0357423817525281,-0.1534905413058,0.049374506738845,-0.113044218815756,0.269727227700767,0.0918171014881552,-0.11984871566676,0.137731326085309,0.321789452456561,0.00389839494802176,0.261174545209309,0.137643109658658,-0.0914282189446083,0.260066204190823,-0.173941146215956,-0.17036268472845,-0.100913831721572,-0.0344332282877554,0.0406204896283195,-0.227968881639195,0.290192087396464,0.00832557117827877
"grxC",-0.0979771295257074,-0.0839192085468299,-0.062381898275716,-0.0784518820595934,-0.0103492088094743,-0.0344401201009679,-0.0653850262365789,0.16124171363499,-0.113079488236226,-0.0804802662436105,0.0478761565637995,0.317806666449935,1,-0.0974977509772075,-0.138006052723285,-0.0718995718529326,-0.00565860915168685,0.025097859117354,0.0551762845968047,0.0898398145822968,0.164832792932548,-0.12468654121029,-0.00477012124518622,-0.043269773481124,-0.132214788749786,-0.0468020570531348,0.0957817995705593,-0.101279553993306,0.0774890042329356,0.135679002101674,0.378133278976602,0.275314161148442,-0.0926760539028013,0.192814270725893,0.252073841184735,0.072500684542375,0.179380638320636,-0.172501255752631,-0.0625866411093263,0.325359619307566,-0.169407322687869,-0.0646971019032143,0.0762999249157526,-0.146747341015243,0.0821926693523531,-0.053877433905058,0.506207827643853,0.068033196951719
"hofB",0.118257164156211,0.21417030489834,0.19492435308506,0.0280223036531505,-0.073749283361953,0.0409564869236446,0.163128381801128,-0.0229932057062178,-0.031327253003123,0.35070447857565,-0.059023531602886,-0.1510485763862,-0.0974977509772075,1,0.344423205696049,0.333081353368523,0.215012765611082,0.224271806816767,0.357122489775458,-0.0946655528168198,-0.0568357240138847,-0.0990497064870127,0.0300062669496631,0.00701631170339391,0.106736640516069,-0.0606793057829392,-0.0768846606754837,0.264619186071705,0.0970315418093061,0.0888604191501128,0.042013908198341,-0.211737386483096,-0.297735511595408,-0.162289471520588,-0.153524291790982,-0.130448561235899,0.0876876094591143,-0.054596938049738,0.432816210599962,-0.196300309635317,-0.145824991473286,0.255451995181846,0.136579275065491,-0.0686310272936204,-0.0703822364125779,0.182521519257375,-0.108929480566032,-0.16538340204707
"hofC",0.311568917663772,0.203847028450974,0.210869063712439,0.227920574399049,-0.0446618594975036,0.124586720271413,0.00382217216796238,0.0317650984459242,0.049925766573489,0.347324063812222,-0.0500344764911046,-0.186162872977253,-0.138006052723285,0.344423205696049,1,0.324658189416066,0.536581792373168,0.285892011438918,0.248080193450625,-0.0671046615764694,-0.0216114811923607,-0.129161178645629,0.212958682974718,0.228166172545377,0.285876696987643,-0.0435304188055336,-0.0985048948141154,0.451060942256117,0.0335173010744822,0.0778301526318089,-0.0347659012788179,-0.212045553064142,-0.206184069105351,-0.166812798019279,0.0809597489163291,0.0170282384942932,0.0226444570920704,-0.0662245698633731,0.381135512483477,-0.259104651088473,-0.057090455036424,0.114732171227777,0.238331360254656,-0.121652171833234,0.0572725725896251,0.303572377161539,-0.22756007896403,-0.139712181590258
"hofM",0.241233514091438,0.198725064327298,0.415397973857876,-0.0195188692418545,-0.0816715252277912,0.0512654482574076,0.118016242149983,0.00776250717300639,0.15530780708793,0.452093279087887,-0.256112564271094,-0.188299700144585,-0.0718995718529326,0.333081353368523,0.324658189416066,1,0.254966930736874,0.383837462828825,0.504544235157252,-0.183315747035071,0.0410997177537397,-0.128478406227726,0.13045627366484,0.173668513259356,0.211375987846326,0.000272505755388514,-0.059108988348586,0.295267628290412,0.307384804645104,0.295160718655119,0.0223347423018915,-0.252195067412208,-0.365756046560245,-0.06162076132272,-0.0113373286466028,-0.231141874813865,-0.0812816291366611,-0.111229574078647,0.558351497406781,-0.0105060848061321,-0.165793004401332,0.24576604775787,0.232931162131386,-0.126155615758857,0.0180629021540377,0.369903020428626,-0.234193872449277,-0.154125394744203
"hofN",0.503215371808528,-0.0277886479057783,0.0707220177628294,0.314792783584315,-0.0857561833770271,0.123058079288987,-0.043735825819654,0.0869364276566643,0.126078486397848,0.416759538177749,-0.256813279224213,-0.243432317619037,-0.00565860915168685,0.215012765611082,0.536581792373168,0.254966930736874,1,0.269350824656655,0.16486011498669,-0.0482917023892783,-0.0036086912177845,0.0157984667892415,0.459813115872799,0.142318101264566,0.641737640553143,0.058754549718191,-0.0255736004123233,0.517837206597892,0.00210927362233495,0.0755010642883401,-0.0192341077892942,0.00799964474516054,0.0173680955582432,-0.183570831305668,0.060819282182331,0.14345758539113,-0.0894248280548242,-0.0259990068678431,0.207049789551531,-0.0887834084805818,-0.000463628011697384,0.100832887155548,0.468574398992126,-0.232677759512394,0.208600797328388,0.365881379313533,-0.234154909647755,-0.213269671920725
"hofO",0.163503300150658,0.242276934687476,0.267431130838629,0.0325649975034808,-0.0824880072059272,0.0222816782651713,-0.175896712637144,0.0249319525981041,0.112382505395756,0.328644934746956,-0.157434293279143,-0.140681331829506,0.025097859117354,0.224271806816767,0.285892011438918,0.383837462828825,0.269350824656655,1,0.246259539840202,-0.204924935845958,-0.00360739301896097,0.0766279290914336,0.242043943550885,0.174113901531096,0.0890642570888854,0.0476321352943124,-0.104666138292345,0.268188734448944,0.221059163889104,0.22075596912159,-0.0232964143813339,-0.217816370496631,-0.308482578956961,-0.0423471090237602,-0.0378432486552771,-0.0823091856672111,-0.0556524138996586,-0.0954201977331953,0.351517338031328,-0.00109330810923081,-0.161927540372587,0.234997440637241,0.191255066362426,-0.0111336367833645,-0.0192269783541688,0.212177316040371,-0.16749549829594,-0.0629695501289085
"hofP",0.234537956728672,0.140556591228001,0.31431668809913,-0.0332185647253604,0.000609603515086958,0.0509255736984619,0.116490017586276,-0.0643159550140389,0.0386359983804263,0.291536409305923,-0.196245261778598,-0.154667520615356,0.0551762845968047,0.357122489775458,0.248080193450625,0.504544235157252,0.16486011498669,0.246259539840202,1,-0.155714835610523,0.0455097143323858,-0.126514378527708,0.071715073638932,0.0584394715676614,0.171404836660502,-0.165707500111371,-0.0957634227609098,0.225721695424541,0.191278476506747,0.121999729134613,0.0401356443584994,-0.145935843313456,-0.328557103104547,-0.12816861658088,-0.0661686665815786,-0.270649183314469,-0.0447039556649382,-0.213764988940107,0.337667934491008,-0.0495184648567512,-0.135925437632769,0.165182000363924,0.307157309457561,-0.097884586398121,-0.00832797069252793,0.239069689733149,-0.0456798783208228,-0.103425967708395
"ilvB",-0.0367489562059896,-0.177232638148463,-0.207680106547408,-0.0931339892217315,0.227999984541069,0.121178172660971,0.0102204055766154,-0.22203918730415,-0.12503118138131,-0.113634030295525,0.0970276025686445,-0.0490767536423039,0.0898398145822968,-0.0946655528168198,-0.0671046615764694,-0.183315747035071,-0.0482917023892783,-0.204924935845958,-0.155714835610523,1,0.0634540353476796,-0.0965342646573962,0.0388565186058391,0.124652568939291,-0.0608891031756205,-0.11350166949021,0.0458712008443301,-0.0898534164529385,-0.279938249544342,-0.142755979565449,-0.0195308756538356,0.243631198622018,0.261905185961239,-0.014943318453729,-0.00311371209932404,0.223601358594783,-0.0209567806642944,-0.145894538162852,-0.217893463304681,-0.107360326326936,0.115012471743615,-0.0221797052358558,-0.0934554798070175,-0.0562362588620293,-0.0858188125870654,0.0173401954520617,0.191336601233547,0.17871047242692
"ilvN",0.055364352980145,-0.0957237860087643,0.0940530601396481,-0.127262479300716,-0.0857714622528774,0.134975453833784,0.0359303660144827,-0.0111729325438595,-0.0792823445723809,0.0471399278239304,0.0888010612378447,0.0380262079953621,0.164832792932548,-0.0568357240138847,-0.0216114811923607,0.0410997177537397,-0.0036086912177845,-0.00360739301896097,0.0455097143323858,0.0634540353476796,1,-0.0473172346441619,-0.0513820609118699,-0.012784466794084,-0.0618705362204,-0.108260045628845,-0.0963274739362606,0.0198425233429717,0.046487453899047,0.00826097991616504,0.204700473696086,-0.0656705628819885,-0.0140641313467383,0.115361608795855,0.0990475115046057,-0.0509382579488079,0.0842258459910408,-0.0357034712997739,-0.0622736962015476,0.242289552720348,0.00779812888817016,0.0254366959444493,0.0137978267524328,-0.0706619110811445,0.101637193319154,0.0333804351286396,0.134563820875438,0.0126649699027629
"ivbL",0.0210012283821351,0.0094918583685699,-0.0814484854308316,0.0939130581014538,-0.113773851032984,-0.0773109975152155,-0.169775770986256,0.197987613765983,0.0895865608984254,-0.0336601035135356,-0.0120933446831868,0.0732631330953242,-0.12468654121029,-0.0990497064870127,-0.129161178645629,-0.128478406227726,0.0157984667892415,0.0766279290914336,-0.126514378527708,-0.0965342646573962,-0.0473172346441619,1,0.0185987173858653,-0.11574780329175,0.0509416937890315,0.305526850900482,0.0431208099833326,0.0738854240590301,0.160306733271269,0.0718836614626677,-0.15178534246548,0.100606414384985,0.021405206338901,-0.0464775685057738,-0.111463636253447,0.104424022721028,-0.0592474699325284,0.346539178137745,-0.246891784255826,0.105744702989096,0.00559034914383834,-0.0030413009801995,-0.0032877290036139,0.161721130024349,0.0979531580477091,-0.0724371840897437,-0.211628954918424,0.100337242381851
"lacI",0.370934319292739,-0.0378842094511729,-0.0586787251419481,0.149511980577615,0.179979592800557,0.00405506388766233,-0.0952731421305754,-0.0760516268545938,-0.0265009226002544,0.240194584356791,-0.138376488513887,-0.0555146001136638,-0.00477012124518622,0.0300062669496631,0.212958682974718,0.13045627366484,0.459813115872799,0.242043943550885,0.071715073638932,0.0388565186058391,-0.0513820609118699,0.0185987173858653,1,0.530782595760037,0.433618326452136,0.0913782190265138,0.119751402696696,0.317873076647691,-0.0807981942908216,-0.0596607741719802,-0.142025124643434,0.0932161095742409,0.246704020997961,-0.0203090854180242,0.0180723798486579,0.132203458498537,-0.0491982661414807,-0.186678959724484,0.052182313300189,-0.171122269125901,0.126187428132823,0.021921130970451,0.182070719903785,-0.0672273218056531,0.107828170339975,0.33602994115739,-0.146911647935207,-0.0464647263480193
"mhpR",0.255312099791939,-0.072252922653361,-0.0684227968908062,0.0225256790525139,0.312260518515216,0.108017802689128,0.0277610730288164,-0.1633389693771,0.0388208072505203,0.144644778652365,-0.0623311607296934,-0.0708051591081174,-0.043269773481124,0.00701631170339391,0.228166172545377,0.173668513259356,0.142318101264566,0.174113901531096,0.0584394715676614,0.124652568939291,-0.012784466794084,-0.11574780329175,0.530782595760037,1,0.151006597196318,-0.0371133108775097,0.187307541810011,0.141685738911693,0.00942459877791407,0.0608773552829936,-0.236553053618376,0.0937568759976189,0.247168709525651,0.0493536557419143,-0.110319616018284,0.0398656087721629,-0.0369847368362848,-0.142236010166454,0.103001984813472,-0.186147920002906,0.136688806790418,0.0449370141759727,0.0518621030563473,0.00907779688455082,-0.0386529913574419,0.264758680118471,-0.0559330300770369,0.053722347448978
"nadC",0.413092383325628,-0.175740487725239,-0.0585518014997342,0.260603261309292,-0.0724948831377914,-0.0168170566131866,-0.0447986663639301,0.123452463402008,0.0855637171275017,0.275937688949562,-0.144757216794172,-0.199150433902573,-0.132214788749786,0.106736640516069,0.285876696987643,0.211375987846326,0.641737640553143,0.0890642570888854,0.171404836660502,-0.0608891031756205,-0.0618705362204,0.0509416937890315,0.433618326452136,0.151006597196318,1,-0.0275841217912458,-0.069462274565695,0.320316655936818,-0.0450257485442946,0.161801352908316,-0.147649395318481,0.123595444068083,0.138794396030344,-0.157286389186025,-0.0277043138791728,0.121204817330474,-0.118078410523882,-0.0180087097594081,0.0671601342444969,-0.113326562447239,0.125708779884476,-0.0570429344802073,0.243401742975849,-0.0665917152821377,0.194309298754202,0.311502967699514,-0.169262689223606,-0.00859914045559335
"ompA",-0.186983652539084,0.238723749149525,0.0142511100866129,-0.0367999055607242,-0.00804787104088592,0.00142758517699747,-0.116097066772162,0.217075031039507,0.0385000050395175,0.126026794428082,-0.138016072289915,0.152604712177729,-0.0468020570531348,-0.0606793057829392,-0.0435304188055336,0.000272505755388514,0.058754549718191,0.0476321352943124,-0.165707500111371,-0.11350166949021,-0.108260045628845,0.305526850900482,0.0913782190265138,-0.0371133108775097,-0.0275841217912458,1,-0.0109169663352554,0.0170025006972499,0.285339596329054,0.0638740674546921,0.0408577083092312,0.0153573234742972,-0.220962847505219,0.0997089672432971,0.150456611834266,-0.094651815001277,-0.0157620086225682,0.399294653172977,0.0945233959604144,0.168241038426511,-0.257193786072796,-0.050256959575165,0.0290448361581897,0.0867886332180967,0.0232734751105387,-0.136776270602996,-0.234378991030199,-0.0617153333929331
"patZ",0.0331013739028287,-0.106444341698174,-0.124371341796005,-0.0861847209064752,0.235810816708515,-0.127306469250052,0.0261310004802851,-2.03239247794114e-05,-0.0292270800245148,-0.0336621509832198,-0.00808571631897911,-0.0357423817525281,0.0957817995705593,-0.0768846606754837,-0.0985048948141154,-0.059108988348586,-0.0255736004123233,-0.104666138292345,-0.0957634227609098,0.0458712008443301,-0.0963274739362606,0.0431208099833326,0.119751402696696,0.187307541810011,-0.069462274565695,-0.0109169663352554,1,-0.00731705798597956,0.110672087808363,0.156135234941835,-0.156549044244348,0.121627611663083,0.152657013448196,0.139067763463431,-0.0672886664703424,-0.048692491970825,-0.0301870177665574,0.0379662505790446,-0.0680017117614634,-0.0209552524013749,0.121181162569891,0.0493698346570835,0.188672467996931,0.0140971664618857,-0.0645955181575338,0.028160235518613,0.107941282725589,-0.046503347826584
"ppdD",0.425311650919495,0.115564783273313,0.0971878919905768,0.192553663067457,-0.0351437337182366,0.0231098710418248,-0.120176416658097,0.0396236870033844,0.0947444174268095,0.368106885242624,-0.11380904657726,-0.1534905413058,-0.101279553993306,0.264619186071705,0.451060942256117,0.295267628290412,0.517837206597892,0.268188734448944,0.225721695424541,-0.0898534164529385,0.0198425233429717,0.0738854240590301,0.317873076647691,0.141685738911693,0.320316655936818,0.0170025006972499,-0.00731705798597956,1,0.0550777379854565,0.0812063341232841,-0.12199761472104,-0.0987196311181104,-0.111836467552014,-0.0950821934767083,0.00667591553596689,-0.0171383145571209,-0.0369565145998188,-0.0733669406898075,0.119680438912507,-0.150593685754775,0.0474711652636938,0.101002003273828,0.30864740214141,-0.0812585411188385,0.0871746155698378,0.348953938185282,-0.176623315963407,-0.144879698199123
"preA",-0.0258575106307351,0.132807107868164,0.32533799421773,-0.0362743818267267,-0.114227672970745,-0.00701291831161479,-0.0721360172217238,0.161604891974082,0.078749313410635,0.286870315574041,-0.192186546499761,0.049374506738845,0.0774890042329356,0.0970315418093061,0.0335173010744822,0.307384804645104,0.00210927362233495,0.221059163889104,0.191278476506747,-0.279938249544342,0.046487453899047,0.160306733271269,-0.0807981942908216,0.00942459877791407,-0.0450257485442946,0.285339596329054,0.110672087808363,0.0550777379854565,1,0.468629965116211,0.0872088916501649,-0.0767005263295066,-0.325835034513774,0.162069132958579,-0.024472190693001,-0.197768209767764,-0.172020681605243,0.15359555084269,0.245599759985522,0.270265425557653,-0.169117470561819,0.179366016703069,0.227232501270064,0.0193225164005489,0.0191231719442746,0.0386551485565201,-0.129789881031848,-0.160128614519077
"preT",-0.0135512172376804,0.0853987343734277,0.303390583115673,-0.0164160474022052,-0.0994925044150482,-0.0174125136951797,-0.0425003839720379,0.119800822420182,0.0509288241660651,0.193478637595624,-0.204976853956312,-0.113044218815756,0.135679002101674,0.0888604191501128,0.0778301526318089,0.295160718655119,0.0755010642883401,0.22075596912159,0.121999729134613,-0.142755979565449,0.00826097991616504,0.0718836614626677,-0.0596607741719802,0.0608773552829936,0.161801352908316,0.0638740674546921,0.156135234941835,0.0812063341232841,0.468629965116211,1,0.0964579054942904,0.0122858248150139,-0.256767477624237,0.00821610801606954,0.0229312908508543,-0.180146266298503,-0.103307028146739,0.00625413979889764,0.252675456730755,0.18858223809394,-0.148031949709862,0.412497940045611,0.184383829777108,-0.00762117479159155,-0.0120298219442564,0.0430144427757902,0.0165663750249614,-0.0244999113388297
"priB",-0.323530404931701,0.160012743250455,0.250781193002672,-0.0377203461624493,-0.145741298375704,0.130023547461461,0.135279859160165,0.056580270258564,-0.171259735394894,0.028806476492093,-0.135166263127384,0.269727227700767,0.378133278976602,0.042013908198341,-0.0347659012788179,0.0223347423018915,-0.0192341077892942,-0.0232964143813339,0.0401356443584994,-0.0195308756538356,0.204700473696086,-0.15178534246548,-0.142025124643434,-0.236553053618376,-0.147649395318481,0.0408577083092312,-0.156549044244348,-0.12199761472104,0.0872088916501649,0.0964579054942904,1,0.0555845989952973,-0.365708946497861,0.0517997010252566,0.580077040107099,-0.0276037952252368,0.0612628979033727,-0.168966007357164,0.115684852801703,0.282446195898914,-0.366745610000264,0.0559567565539128,0.0338619406628188,-0.226548467743905,0.0379867436883443,-0.18119995559166,0.190687427298266,-0.107014147312866
"raiA",0.0475755445890418,-0.363625101742268,-0.278858266663485,0.0525309778502677,0.0371014691748054,0.0524783688073749,-0.0566334813647961,0.0658471510855292,0.0368205066588899,-0.118362242129421,-0.0484754084146299,0.0918171014881552,0.275314161148442,-0.211737386483096,-0.212045553064142,-0.252195067412208,0.00799964474516054,-0.217816370496631,-0.145935843313456,0.243631198622018,-0.0656705628819885,0.100606414384985,0.0932161095742409,0.0937568759976189,0.123595444068083,0.0153573234742972,0.121627611663083,-0.0987196311181104,-0.0767005263295066,0.0122858248150139,0.0555845989952973,1,0.355414064081885,0.0815210618586106,0.0578704106181522,0.147150430730734,-0.0786731878201529,-0.0322298164471541,-0.287185088942307,0.111697137955923,0.0748303915224243,-0.111574591854339,0.0648219515110794,0.0351838459005962,0.068213605983488,-0.00883532391312218,0.179094642827366,0.126774901309745
"rmf",0.279876764801571,-0.571172232233561,-0.455579508797778,-0.02836037646822,0.191620607182956,-0.0625040405232254,0.0304148655167495,-0.174366324375656,0.0779517757387021,-0.206418608919182,0.0904367260979047,-0.11984871566676,-0.0926760539028013,-0.297735511595408,-0.206184069105351,-0.365756046560245,0.0173680955582432,-0.308482578956961,-0.328557103104547,0.261905185961239,-0.0140641313467383,0.021405206338901,0.246704020997961,0.247168709525651,0.138794396030344,-0.220962847505219,0.152657013448196,-0.111836467552014,-0.325835034513774,-0.256767477624237,-0.365708946497861,0.355414064081885,1,0.088830350527832,-0.34015686303065,0.261701515658535,-0.167454170019259,0.016167792813937,-0.419128271088619,-0.109205438107898,0.561185399183823,-0.160587010015002,-0.0593462285096132,0.135645982475077,0.124366287456068,0.0942379252457923,0.189959749763728,0.0417974758062907
"rplI",-0.0370153016149869,-0.142914048801888,-0.162618963580101,-0.26793162361408,0.0394148625808185,-0.0626687682246191,-0.0615550739782693,0.0375602541782367,-0.0900170775136325,-0.0271304328474389,0.0260459292884789,0.137731326085309,0.192814270725893,-0.162289471520588,-0.166812798019279,-0.06162076132272,-0.183570831305668,-0.0423471090237602,-0.12816861658088,-0.014943318453729,0.115361608795855,-0.0464775685057738,-0.0203090854180242,0.0493536557419143,-0.157286389186025,0.0997089672432971,0.139067763463431,-0.0950821934767083,0.162069132958579,0.00821610801606954,0.0517997010252566,0.0815210618586106,0.088830350527832,1,0.131355275283322,0.0395616965185342,-0.131181414428065,0.0528905525604712,-0.0591118564051882,0.238078555195623,0.0355171732896995,-0.0584693673057116,-0.100825164446116,0.0132766629328182,0.00749669567018805,-0.0574784327736819,0.188701265643793,-0.00368372100763716
"rpsF",-0.217151902839763,0.229777890680546,0.17659535159376,0.0660504114812763,-0.0996061590220134,0.0810358663811245,0.0491825619075295,0.211258161471498,-0.125278262619993,-0.0452856088067417,0.107273421664412,0.321789452456561,0.252073841184735,-0.153524291790982,0.0809597489163291,-0.0113373286466028,0.060819282182331,-0.0378432486552771,-0.0661686665815786,-0.00311371209932404,0.0990475115046057,-0.111463636253447,0.0180723798486579,-0.110319616018284,-0.0277043138791728,0.150456611834266,-0.0672886664703424,0.00667591553596689,-0.024472190693001,0.0229312908508543,0.580077040107099,0.0578704106181522,-0.34015686303065,0.131355275283322,1,0.170262563795152,0.28091597923155,-0.0236700699223497,0.147933939783823,0.113138576267692,-0.285094798826075,-0.0533829474981972,-0.0227622915450478,-0.129388254091499,0.0731058258399018,-0.147991651394881,0.041657803816,0.09008377646311
"rpsR",0.0622702494270024,-0.132427473532565,-0.220057278058489,0.291922312952781,0.0863552689772351,0.0756746321228143,-0.0507443112004708,0.0634609985759572,0.0184815237957765,-0.144844888849202,0.116616194084,0.00389839494802176,0.072500684542375,-0.130448561235899,0.0170282384942932,-0.231141874813865,0.14345758539113,-0.0823091856672111,-0.270649183314469,0.223601358594783,-0.0509382579488079,0.104424022721028,0.132203458498537,0.0398656087721629,0.121204817330474,-0.094651815001277,-0.048692491970825,-0.0171383145571209,-0.197768209767764,-0.180146266298503,-0.0276037952252368,0.147150430730734,0.261701515658535,0.0395616965185342,0.170262563795152,1,0.0716145852100814,-0.00897210082850639,-0.142597386000026,-0.186776043205082,0.210487585913875,-0.123383100882281,-0.106796234171895,0.00190072388002399,0.12468993190438,-0.0483267840648301,0.0494000706616643,0.286917013993124
"secB",-0.157289327006538,0.322031098818293,-0.0123817487391321,0.132993057869055,-0.0278062975633412,0.00773192028596785,0.0408157109120408,0.0979885745185556,-0.0974794607784683,-0.173492678891274,0.39045379773712,0.261174545209309,0.179380638320636,0.0876876094591143,0.0226444570920704,-0.0812816291366611,-0.0894248280548242,-0.0556524138996586,-0.0447039556649382,-0.0209567806642944,0.0842258459910408,-0.0592474699325284,-0.0491982661414807,-0.0369847368362848,-0.118078410523882,-0.0157620086225682,-0.0301870177665574,-0.0369565145998188,-0.172020681605243,-0.103307028146739,0.0612628979033727,-0.0786731878201529,-0.167454170019259,-0.131181414428065,0.28091597923155,0.0716145852100814,1,0.140051865694049,0.0380352254404656,-0.187654941379289,-0.143769261229394,-0.0913065227242536,-0.0850904336357724,-0.0955822770709861,-0.0100602612320591,-0.208975537420992,0.0982587894158717,0.186778590802653
"sfsA",-0.0920289652393441,0.0195947871960102,-0.16057742403545,0.060345296433391,-0.24436074024637,-0.0787368108643708,0.0555081485336684,0.268071120022721,0.0696878978661189,0.0641999735219541,0.143465510892551,0.137643109658658,-0.172501255752631,-0.054596938049738,-0.0662245698633731,-0.111229574078647,-0.0259990068678431,-0.0954201977331953,-0.213764988940107,-0.145894538162852,-0.0357034712997739,0.346539178137745,-0.186678959724484,-0.142236010166454,-0.0180087097594081,0.399294653172977,0.0379662505790446,-0.0733669406898075,0.15359555084269,0.00625413979889764,-0.168966007357164,-0.0322298164471541,0.016167792813937,0.0528905525604712,-0.0236700699223497,-0.00897210082850639,0.140051865694049,1,-0.0206002072522192,0.166284791448576,-0.0324434997762564,-0.15981451619673,-0.00132784954172955,0.132967562625196,0.0937134951213708,-0.199163241864543,-0.192133651856478,-0.0657156175906869
"sxy",0.0189658420868833,0.340676374221571,0.389781446627011,0.0138943090959029,-0.118729007914584,0.1327872363761,0.174034053479188,0.105295970758183,0.092442336434686,0.374605214326114,-0.163344791223595,-0.0914282189446083,-0.0625866411093263,0.432816210599962,0.381135512483477,0.558351497406781,0.207049789551531,0.351517338031328,0.337667934491008,-0.217893463304681,-0.0622736962015476,-0.246891784255826,0.052182313300189,0.103001984813472,0.0671601342444969,0.0945233959604144,-0.0680017117614634,0.119680438912507,0.245599759985522,0.252675456730755,0.115684852801703,-0.287185088942307,-0.419128271088619,-0.0591118564051882,0.147933939783823,-0.142597386000026,0.0380352254404656,-0.0206002072522192,1,-0.0660744799618269,-0.293319524765087,0.279974740082945,0.141057211536386,-0.12543008198523,-0.025769751551446,0.124005310690718,-0.216288679523267,-0.108184217379582
"ubiG",-0.189140600649549,-0.0517863065445881,0.122791132889819,-0.2368182129515,-0.184578561363537,-0.0942902183588545,0.00115711193857472,0.242865124660488,-0.0260270332523583,0.00979964065316615,-0.201855133660973,0.260066204190823,0.325359619307566,-0.196300309635317,-0.259104651088473,-0.0105060848061321,-0.0887834084805818,-0.00109330810923081,-0.0495184648567512,-0.107360326326936,0.242289552720348,0.105744702989096,-0.171122269125901,-0.186147920002906,-0.113326562447239,0.168241038426511,-0.0209552524013749,-0.150593685754775,0.270265425557653,0.18858223809394,0.282446195898914,0.111697137955923,-0.109205438107898,0.238078555195623,0.113138576267692,-0.186776043205082,-0.187654941379289,0.166284791448576,-0.0660744799618269,1,-0.137627132846718,0.0156963234958258,0.066443445728614,-0.135022978265744,0.184218844365226,-0.132011640650766,0.08279133411808,-0.249996078612682
"uhpA",0.302298205716397,-0.455011751802466,-0.301393670741207,-0.00823400052630747,0.108098179509253,-0.170702037974616,0.0350760793301819,-0.145433320227829,0.0341578973627217,-0.0972849949839918,0.148328755128458,-0.173941146215956,-0.169407322687869,-0.145824991473286,-0.057090455036424,-0.165793004401332,-0.000463628011697384,-0.161927540372587,-0.135925437632769,0.115012471743615,0.00779812888817016,0.00559034914383834,0.126187428132823,0.136688806790418,0.125708779884476,-0.257193786072796,0.121181162569891,0.0474711652636938,-0.169117470561819,-0.148031949709862,-0.366745610000264,0.0748303915224243,0.561185399183823,0.0355171732896995,-0.285094798826075,0.210487585913875,-0.143769261229394,-0.0324434997762564,-0.293319524765087,-0.137627132846718,1,-0.151220532838399,-0.0474542738446389,0.106916924672266,0.0684912587679017,0.141323624007899,0.162361462760136,-0.0570257167947625
"uhpB",0.0626660756575469,0.214736788413065,0.400209943714806,-0.0315154534140528,0.11273641130286,0.138969098620721,-0.0195068262088856,-0.17340971327722,0.0648715868121949,0.229244585109761,-0.238559383008705,-0.17036268472845,-0.0646971019032143,0.255451995181846,0.114732171227777,0.24576604775787,0.100832887155548,0.234997440637241,0.165182000363924,-0.0221797052358558,0.0254366959444493,-0.0030413009801995,0.021921130970451,0.0449370141759727,-0.0570429344802073,-0.050256959575165,0.0493698346570835,0.101002003273828,0.179366016703069,0.412497940045611,0.0559567565539128,-0.111574591854339,-0.160587010015002,-0.0584693673057116,-0.0533829474981972,-0.123383100882281,-0.0913065227242536,-0.15981451619673,0.279974740082945,0.0156963234958258,-0.151220532838399,1,0.0743777823839192,-0.0514075883308912,-0.0467506733700138,0.0721729348631521,-0.141248412955597,-0.0993882818897811
"uhpC",0.323554489367824,0.00712665349571137,0.128062995726607,0.0426273119587397,-0.0793720274475364,-0.0406153021850716,-0.0351562935973142,0.0725575913226687,0.0981229222663903,0.264229118292292,-0.143857122282822,-0.100913831721572,0.0762999249157526,0.136579275065491,0.238331360254656,0.232931162131386,0.468574398992126,0.191255066362426,0.307157309457561,-0.0934554798070175,0.0137978267524328,-0.0032877290036139,0.182070719903785,0.0518621030563473,0.243401742975849,0.0290448361581897,0.188672467996931,0.30864740214141,0.227232501270064,0.184383829777108,0.0338619406628188,0.0648219515110794,-0.0593462285096132,-0.100825164446116,-0.0227622915450478,-0.106796234171895,-0.0850904336357724,-0.00132784954172955,0.141057211536386,0.066443445728614,-0.0474542738446389,0.0743777823839192,1,-0.234099699695378,0.0638824727759503,0.214962153607216,-0.0994316088375143,-0.200786866228647
"ychH",-0.0485065626533738,-0.055053886063995,-0.090676810435237,0.0163430149802615,0.0350333750352812,0.0147220613275091,-0.141118141933224,0.162996072497765,-0.0186678775916452,-0.127945497440815,0.0793199503422517,-0.0344332282877554,-0.146747341015243,-0.0686310272936204,-0.121652171833234,-0.126155615758857,-0.232677759512394,-0.0111336367833645,-0.097884586398121,-0.0562362588620293,-0.0706619110811445,0.161721130024349,-0.0672273218056531,0.00907779688455082,-0.0665917152821377,0.0867886332180967,0.0140971664618857,-0.0812585411188385,0.0193225164005489,-0.00762117479159155,-0.226548467743905,0.0351838459005962,0.135645982475077,0.0132766629328182,-0.129388254091499,0.00190072388002399,-0.0955822770709861,0.132967562625196,-0.12543008198523,-0.135022978265744,0.106916924672266,-0.0514075883308912,-0.234099699695378,1,-0.0641522431716839,-0.0596022047803091,-0.0682449246979721,0.21680447014937
