"","ahpA","ahpT","antE","bdhA","bmrB","bmrC","bmrD","csn","ctaO","dacF","lip","mcpA","ntdR","pbpH","phy","ppsA","ppsB","ppsC","ppsD","ppsE","pspA","rpmGB","rsiW","secE","sivA","sivC","tlpA","xynC","xynD","ybaJ","ybdN","ybdO","ybfO","ybfP","ybfQ","ydeH","ydeJ","ydjG","ydjH","ydjI","yerI","yflB","yflD","yfmG","yhaP","yhaQ","yjcM","yjdG","yknW","yknX","yknY","yknZ","ylbA","ymaE","ymzB","yncM","ynzD","yoaW","yocD","yokI","yokJ","yokK","yokL","yolA","yolB","yomJ","yoqM","yorD","yphE","yphF","yqaP","yqzG","yrpD","yrzI","yscB","yvgO","yvqJ","ywbE","ywbF","yxaA","yxaB","yxeD","yxzE","abrB"
"ahpA",1,0.98141254589191,0.500645236173014,-0.0570831359492695,0.302720795149535,0.499997553084033,0.41552561885,0.632761036397168,0.309634000275271,0.656851280275971,0.267458560146667,-0.36612408383289,0.727493952123293,0.481166543631033,0.692351831164568,0.461403241393975,0.323671310307874,0.326184965522577,0.24252998275835,0.274126126302011,-0.202061722419703,0.224351736473302,0.0630524702467324,0.0611863039984762,0.335418972058932,0.155241734284635,0.101624313491599,0.596630983773129,0.734214804088705,0.104137489488771,0.768290183178201,0.10116839883655,0.476333509434962,0.28521409836435,-0.120435532404547,0.775212202613269,0.326695879625408,-0.284514699241226,-0.322972618220538,-0.355102642913803,0.542053268173613,0.463353740400936,-0.246259345098151,0.673758549443116,-0.194918285477157,0.0421843329111042,-0.0159795864178792,0.752041257313137,0.562039298425446,0.359907599765434,0.367939122310777,0.359924950558205,0.699746557056037,0.131274523098962,0.540607946046867,0.620664594245877,-0.0683306516194962,0.82517750568948,-0.082554156532581,0.248712514478013,0.163124113358982,0.0786634584837149,0.0205422761457488,-0.149062319224223,-0.151631050805755,0.219678116018993,0.548302337558939,0.19870492200137,0.0432743896927761,0.0536302380117056,0.216103685957187,0.670596232355065,0.677050211924705,0.711534650069919,-0.174110740980101,0.177734801776722,0.753440427335219,0.326496153960444,0.0828997134701667,-0.188521915255746,-0.208040785478467,0.393489395070497,0.140888053943516,-0.772544165185709
"ahpT",0.98141254589191,1,0.507617450888209,-0.0478508172339086,0.313492013074934,0.551976160126813,0.46491595511883,0.635474746397075,0.286732687842502,0.612369725187487,0.228291302070145,-0.331769257052451,0.70935464446839,0.501551227535817,0.715884970524626,0.474605690842514,0.340890104083751,0.346160891311634,0.258277980250839,0.282000573417694,-0.186752602597612,0.250475787069042,0.098317376307776,0.0626547794754882,0.356788959190981,0.152330315390967,0.122007006948028,0.634437506336128,0.757977409467262,0.109061905838484,0.765569827394526,0.118815788813731,0.489106371621513,0.301171299763004,-0.0547713323274444,0.754511804337116,0.38372964486149,-0.278523246171218,-0.317035081384173,-0.34869776631585,0.523246065217333,0.448684871589323,-0.20438972180316,0.640248840247389,-0.245767238123543,-0.0230586201157829,-0.0216113163958959,0.712212095246392,0.547503970922463,0.355179457602345,0.356162754679438,0.360025519314724,0.684470189156608,0.160437815577175,0.516046014496813,0.622643718340944,-0.01076261182327,0.807902910717962,-0.0767501466935061,0.281851562222995,0.174110103971638,0.0864555029278938,0.014185568027301,-0.154465153989698,-0.164674862282529,0.208698526857965,0.563990208073394,0.182471740923295,0.0330856207139096,0.055656191822379,0.221371095433899,0.635511026300074,0.691241842280333,0.678268130823213,-0.136824560598903,0.149655603575172,0.752065483812995,0.348298579736148,0.125357371666926,-0.130665866567189,-0.176657950675842,0.361868658414036,0.178222866816286,-0.755726457564771
"antE",0.500645236173014,0.507617450888209,1,0.362539368726356,0.494527818823385,0.18533650059457,0.124751723397013,0.511125827863649,-0.00584151857314295,0.259822871141679,0.0955634861886258,-0.237886352639507,0.578467857874095,0.531810973165007,0.2081946995542,0.548206931444878,0.36983600465835,0.316560161446921,0.31063480740806,0.300087514925929,0.0968952446509522,0.502154767967142,0.45147936614456,0.367576541702182,0.310251439903936,0.244587904635761,0.0112559993267501,0.492435703153854,0.55331056728567,0.0757883892898885,0.628296874237541,0.0873152063919195,0.627275906358358,0.524802680019392,0.176352328648969,0.579210111628856,0.556360583657143,-0.0620546659160693,-0.1726606184766,-0.203319411929468,0.633142524007765,0.575877514258878,0.160070312771146,0.520393375889181,-0.222701996278979,-0.0315998038928675,0.0484092514499251,0.409997941296391,0.480198281277206,0.1292418586283,0.146567390173659,0.22391061882184,0.646058836292686,0.0720906346203526,0.131175980590503,0.726133369327603,0.264335039920242,0.56568500713381,0.161390238123453,0.226706524231083,-0.00682439811258782,-0.115033396798627,-0.164841289201034,-0.0832512574172804,-0.116384896112726,0.495089387155666,0.414701874482263,0.350759764481802,0.176006294490434,0.104029716512827,0.477197449919768,0.218260402080244,0.483600950461077,0.362805823135017,0.156043890473596,0.589471555561847,0.683919645408496,-0.265161375066993,0.135842016382247,0.145970412940645,0.139458384238531,-0.16052932568579,0.465298085277258,-0.467758920083724
"bdhA",-0.0570831359492695,-0.0478508172339086,0.362539368726356,1,0.299850011029455,-0.14428831883321,-0.147926270819297,0.444584100732115,-0.103091689545841,-0.426725563467072,0.074543985770536,0.356097681035266,-0.0116900027009312,0.560131836920748,-0.203498480990573,0.55281614312398,0.610930957847349,0.552532027606336,0.585599602139299,0.557079891903296,0.487644122645738,0.212905322867239,0.362744758206195,0.282011250484932,0.504470826186257,0.297465376937904,0.366756559561698,0.244396431230925,0.23966075898273,0.237722935677208,0.291326007342222,0.345528219032489,0.428047916999551,0.694850007126678,0.529924642245444,-0.00672189950612718,0.675831886626124,0.430855465419996,0.362625661386482,0.355003042380387,0.589335907292371,0.0984464642679544,0.096530523902708,0.156199772388035,0.238539231469497,0.199246208984944,0.467487619722588,-0.251300329162086,0.131644228802415,0.0718419840424591,0.098288420694437,0.1443795048067,-0.00860918572615003,0.310147886528086,-0.283041341035407,0.506264308490576,0.220163265411012,-0.164080744746985,0.229921747299927,0.40044118854647,0.251725959481755,0.323761232853701,0.338425115019635,0.509100369359416,0.491713393859679,0.411611446283372,0.244513609036808,0.639964217222407,-0.0239256114173369,-0.197119688668782,0.762793492867993,-0.398994572598133,0.387099406909097,-0.205764392378757,0.496622135931094,0.390829412441593,0.073808402664385,-0.558467433292754,0.122169821876496,0.666068417948382,0.539040869928976,-0.451049451786303,0.353831937752052,0.0546002660549063
"bmrB",0.302720795149535,0.313492013074934,0.494527818823385,0.299850011029455,1,0.462341845836104,0.440233656429879,0.46168309408597,0.24046589677738,0.17377460111561,0.108717914658547,-0.0679901313029281,0.610835104642435,0.387086296116527,0.234498938062647,0.620351403149091,0.51205937196207,0.449092916760674,0.396444069706157,0.331890553056246,0.103955841802895,0.278655349789866,0.201566707454358,0.318483303636148,0.517370952105389,0.360351330795347,0.222118588932456,0.568872373585673,0.594481190250408,0.0365065466714058,0.505684218569253,0.231699819892955,0.360989838855625,0.324121820215025,-0.0216148329139852,0.545583645058609,0.361530495868584,0.0132214465798732,-0.0946226664849037,-0.130504850389327,0.587453882722297,0.339437857687196,-0.0430760340689665,0.420867226456456,-0.253923439142361,-0.139249810646698,0.0798682231131255,0.466148453930837,0.41942491489513,0.160077704003663,0.154926297644289,0.170738272547909,0.548543538930401,0.174258877987348,0.198744143317843,0.579671254810562,0.372605092832504,0.471937606497727,0.354874331675256,0.166988994255712,0.00609487959354498,-0.0391293546216338,-0.0266152790644638,0.0282193511301169,0.017361895518419,0.521623497955845,0.428299407343634,0.324210975158731,0.237269572131213,0.255179828243403,0.249021997053629,0.193949839960958,0.332200311753309,0.353814411166383,0.196108766300823,0.313397514662201,0.586487477928462,-0.188417246237797,0.137738898191144,0.248456287425305,0.139189756014005,-0.0248629134742445,0.180960034883157,-0.215586462592214
"bmrC",0.499997553084033,0.551976160126813,0.18533650059457,-0.14428831883321,0.462341845836104,1,0.974279163951031,0.354762346388541,0.158915481891997,0.275393618714416,-0.0566991274528509,-0.0635772824293576,0.453000181222289,0.242524335090281,0.681308120793865,0.355380388923182,0.263023307207842,0.261648832032416,0.17061009439942,0.113622028367103,-0.224823885668861,-0.0206899869643348,0.0538994760932951,-0.178444108882926,0.344628523473726,0.202525417640947,0.19163789897848,0.697095701363503,0.676697364553317,-0.0522046154101715,0.377209121887429,0.10332998617421,0.254246074461572,0.0640134525617658,-0.112534540219016,0.428058586932895,0.212006978658869,-0.280193996314099,-0.323772855481891,-0.332249087158243,0.154256403933677,0.273248645034661,-0.00185303746354171,0.229343562171563,-0.433237936455737,-0.344395663904843,-0.231185656506055,0.401734719438057,0.368342720686692,0.169221989049249,0.165057725503776,0.199704025783858,0.509244355853202,0.0967260200423759,0.411647601208183,0.38147387420041,-0.0074648437584302,0.532704474101275,-0.0789764373731244,0.0102395117134631,-0.0898513438938477,-0.142186632640656,-0.159631888422434,-0.201341786915199,-0.210742738519377,0.193749484927533,0.408144011938556,-0.172628734204258,0.0115969378455313,0.097321993005098,-0.11605183784327,0.334230839895321,0.348270240575806,0.530304609863808,0.0323986803682926,-0.0491872946376795,0.529400701180881,0.208987515489725,0.219861738839172,-0.00327011305404741,0.113172761822004,0.177608840518068,0.17936461107571,-0.353480865752221
"bmrD",0.41552561885,0.46491595511883,0.124751723397013,-0.147926270819297,0.440233656429879,0.974279163951031,1,0.325942011661041,0.123812100843712,0.259581911279031,-0.148713134120398,-0.0699546113006639,0.353699307094102,0.216777258404714,0.629756044720898,0.326918784320705,0.242087840017221,0.239922494741527,0.15701720005407,0.0886660507364068,-0.270235463882145,-0.103924944635684,0.0289394530289251,-0.245323059486059,0.31108850602627,0.134407383350634,0.142855336987152,0.713784383642701,0.644639268924508,-0.157506796019791,0.283833979277531,0.0317911021674404,0.204619115084622,0.0143913806949382,-0.0885087207058375,0.355592993521818,0.170647370828937,-0.31697880428779,-0.363590001361452,-0.356458123600884,0.128088962073306,0.265709849270978,0.0657269039691061,0.138049372826731,-0.466509308143786,-0.439387374219577,-0.331044179396499,0.352415559893012,0.297962621894288,0.0768803371046182,0.0879520439427112,0.153798644613664,0.489355894434992,0.0152953672949632,0.402756262189997,0.357125430304678,-0.0940177881926877,0.49058764688181,-0.173486348702324,-0.0988944698320959,-0.205057178630351,-0.222716584715914,-0.210462718431157,-0.265284680371802,-0.26942414003735,0.121037373164421,0.406265187162102,-0.269917754755864,-0.0897335665243164,0.00941692234212308,-0.18910572572156,0.31870622315324,0.30272174292556,0.4846509247115,-0.00333169199083302,-0.0252138726369758,0.438317577325645,0.178827820390168,0.133725778364958,0.0188964744104717,0.201990314090966,0.19086952358975,0.150240090690168,-0.264767743901623
"csn",0.632761036397168,0.635474746397075,0.511125827863649,0.444584100732115,0.46168309408597,0.354762346388541,0.325942011661041,1,0.54238884210385,0.408217490130383,0.0645955632561896,-0.226871255766251,0.480632899473987,0.629552377429753,0.455993532801796,0.794637246165126,0.729344320043165,0.701796442573233,0.671278479203546,0.68153016130667,-0.000513690841676957,0.14652128546226,0.214683243632247,0.131082470624157,0.516226303388843,0.175995100525804,0.151302771488388,0.704873255229695,0.756318727086472,-0.00753739026364173,0.697676885812251,0.131602078769442,0.593551479135855,0.616830210063844,0.101318780812253,0.591496689487822,0.529988136078166,-0.0848820969575155,-0.173684676204597,-0.193932603242287,0.845836838707611,0.480616796414825,-0.152931870322048,0.625826878599462,-0.171198583057664,-0.05660719786168,0.0530728257206345,0.460851050253944,0.483343629609813,0.208199579923187,0.269216092877951,0.325877796659714,0.552224382945557,0.148451949716565,0.379054853714375,0.87510075831759,0.00868621684789694,0.636975603518413,-0.0756319143629841,0.27843442135511,0.114925072448574,0.138715521798533,0.144074309997526,0.0219975228806029,0.0222580116438065,0.310141690583972,0.921033679774442,0.34515310059683,-0.126211071592177,-0.162010663651522,0.422863414697197,0.464017849198141,0.808906985036848,0.545179347407432,-0.0259713290358731,0.338726971460196,0.611354417747155,-0.114972483786402,-0.111390451328861,0.16168300728983,0.193573507471974,0.280717848892419,0.203602775763002,-0.574006101498139
"ctaO",0.309634000275271,0.286732687842502,-0.00584151857314295,-0.103091689545841,0.24046589677738,0.158915481891997,0.123812100843712,0.54238884210385,1,0.35864196606311,0.207134884481379,-0.129499132169733,0.372873185335158,0.0183156290612359,0.349621836946484,0.333671456294551,0.336284709963525,0.363298848924549,0.344070357008905,0.390415625529723,0.0380642201703593,-0.0928374236976707,0.0108180197555267,-0.0640276521586081,0.163748581523494,0.250562277521179,0.185973136427197,0.225999786714513,0.312172659850162,-0.0560441150082772,0.283182748598115,0.177121035254288,0.24135657146824,0.169728041627257,-0.379824975139682,0.32471405319718,-0.10288758016306,0.0377321177804591,0.0136097292567807,0.00652814721116152,0.35531268615155,0.230783006996051,-0.362270902129157,0.415199325940869,-0.0363158719587503,0.0753535143097006,0.0478434953196153,0.411001043945791,0.442547517705811,0.403556302474875,0.435838598577691,0.405273226529796,0.223590392218646,0.135638179726825,0.425013448277144,0.272380271345717,0.105668065050819,0.382503982434416,0.105187567053582,0.145009997625636,0.15174551732255,0.152291793334077,0.135607404870165,0.0563500464729726,0.0803762615608336,0.213474643251369,0.587314771596654,0.125591254354236,0.148623403243571,0.196108601944651,-0.0371874299570139,0.420965525303195,0.331495374928334,0.432988928453491,-0.0819258749534949,-0.092936849970411,0.366306362911126,0.0677770493314515,-0.0931572537500246,-0.218701468741449,-0.229179163625954,0.515871705114847,-0.039454228560431,-0.434286686601013
"dacF",0.656851280275971,0.612369725187487,0.259822871141679,-0.426725563467072,0.17377460111561,0.275393618714416,0.259581911279031,0.408217490130383,0.35864196606311,1,-0.10882062185602,-0.687894015336725,0.430297591104441,0.0851974111674796,0.428379147642677,0.135985072220916,-0.0297438263764189,-0.0341865273607153,-0.112851070461851,-0.0890800056965844,-0.605488014273349,-0.129656323696188,-0.296225051090469,-0.149643139600874,-0.111267167991183,-0.213595376458821,-0.401255499468565,0.34619611819297,0.400356020064704,-0.336386297255453,0.308117316322376,-0.372874299430392,-0.00908935565011364,-0.156297276731491,-0.413795893236836,0.585441263943374,-0.211144629325471,-0.637492956842223,-0.657891982892935,-0.666652632346051,0.315632408186054,0.434107965032933,-0.113819753777773,0.384103850295434,-0.344364548409343,-0.203295972488253,-0.448373830121087,0.772824510034579,0.234761226107063,-0.0307267092141233,-0.00436966649173163,-0.00490633742610853,0.593764278935778,-0.406965297717612,0.703014163904796,0.336903820597039,-0.342074734524012,0.743925699429624,-0.397061177213763,-0.319222166439385,-0.302612056921218,-0.34576663718822,-0.319992122446129,-0.533941862293231,-0.518967638931269,-0.0917304313564491,0.468828376365421,-0.249880606545682,-0.178188962008811,-0.0688073733911521,-0.306481740769561,0.977216078552399,0.283466114000638,0.709860536329105,-0.618871163729628,0.192136256437864,0.409759384457019,0.408861089750165,-0.381062225971367,-0.55614094442048,-0.280508142060758,0.741960923413135,-0.305704181328555,-0.613443081342395
"lip",0.267458560146667,0.228291302070145,0.0955634861886258,0.074543985770536,0.108717914658547,-0.0566991274528509,-0.148713134120398,0.0645955632561896,0.207134884481379,-0.10882062185602,1,0.234377336452451,0.517919247716054,0.0573415977602537,0.169719176587544,0.269468227475025,0.304790819804185,0.329860781744743,0.34303552221413,0.406134410961796,0.481415825704162,0.432445909840916,0.20991158357525,0.450574441901862,0.468595888750627,0.60300190846945,0.581619802048848,-0.0322518829424465,0.122043015184595,0.518814401092929,0.538884276419932,0.629772766895631,0.315880289180642,0.185770885302513,-0.302858513875056,0.228209302128354,0.0266792875791913,0.484619057561443,0.503659075877049,0.489169059996399,0.141925226958019,-0.105014682380027,-0.568507901629065,0.604927983125714,0.598355584456219,0.690293490444091,0.662924299975022,0.179537651583547,0.488173024787086,0.683831698960985,0.680527112764084,0.5836865010246,0.125082059129662,0.739966518324972,0.0325171888802696,0.0823662073848096,0.302241376523452,0.060152127741473,0.58311231489192,0.551610657643198,0.622520407378203,0.610581056529602,0.566802535632532,0.561173178802646,0.563690049740191,0.54746741494452,-0.13094236246391,0.599123485788598,0.618775450288413,0.580645767249693,0.489251122395672,-0.146113288379749,0.199430670592022,0.150120039000167,0.339794031903218,-0.0663045024927314,0.462627984963737,0.125838819169442,0.463757448473968,-0.0812745245295819,-0.421504214443872,-0.189610283733984,0.159686273079509,-0.0974410615210223
"mcpA",-0.36612408383289,-0.331769257052451,-0.237886352639507,0.356097681035266,-0.0679901313029281,-0.0635772824293576,-0.0699546113006639,-0.226871255766251,-0.129499132169733,-0.687894015336725,0.234377336452451,1,-0.247977535058231,0.0678345164651315,-0.273730513173162,-0.0316669186456406,0.121246929104406,0.134299633130968,0.181905259296109,0.177183001266631,0.693879134791266,0.105237784908637,0.327450235497923,0.079745414742759,0.276871435002249,0.634011431694907,0.765549144239132,-0.240659780635005,-0.248837211814586,0.442275829401999,-0.127908563858733,0.778934128898075,0.107247668093337,0.177967449754271,0.230558177891476,-0.361324512066504,0.189903671596793,0.751659678211929,0.783519402586903,0.786121130610864,-0.260870162426108,-0.350755189534791,-0.0696571810622151,-0.191590636359742,0.40565520943122,0.347329528197995,0.639952365949512,-0.570692030200264,-0.0150731456083303,0.333748671083611,0.291939337628372,0.273408811381424,-0.478614165627632,0.462305855570762,-0.462060023384687,-0.266527708867626,0.259719759895372,-0.619903431021888,0.400514537823252,0.406915335135715,0.429192250500289,0.441805030260087,0.385989354352386,0.827473818942202,0.816611552225622,0.349995716882864,-0.406276087191713,0.389545299489217,0.286137896309032,0.17069622876626,0.352009113093982,-0.613025798968256,-0.0591160182865114,-0.49368652756496,0.869856242836562,-0.424995588749554,-0.253185473515047,-0.208634719960449,0.343384307013813,0.33028720398747,0.0857174246421891,-0.377590826511586,0.313297885238023,0.24424532332172
"ntdR",0.727493952123293,0.70935464446839,0.578467857874095,-0.0116900027009312,0.610835104642435,0.453000181222289,0.353699307094102,0.480632899473987,0.372873185335158,0.430297591104441,0.517919247716054,-0.247977535058231,1,0.385491070393921,0.482202121192929,0.607215240605977,0.470901804358825,0.460001560010748,0.397418675729581,0.392780692029988,0.109838647571856,0.522095725913048,0.24933453105843,0.426481044227389,0.487634827790966,0.469822655136926,0.265320309920808,0.477760642149455,0.640610370274258,0.264397849832292,0.843711213105285,0.34906039609004,0.562631706261171,0.319374452786612,-0.25038370967513,0.835089637176192,0.261204679368155,0.0229066313850414,-0.0447026252912945,-0.0913116928956979,0.53665764242464,0.409501241296869,-0.331351462923629,0.835114659928265,-0.143469960692068,0.148782366485352,0.221838753899628,0.732224245945161,0.732573764145631,0.54064416511872,0.529727815376829,0.490968341973473,0.741636686952974,0.370851390739282,0.376057524271703,0.605005676240366,0.299347428440613,0.723610367933605,0.39026679961208,0.420866262570515,0.314644808925619,0.206414709174602,0.154402909367218,0.0217462279232073,0.00521714026200687,0.556760890930022,0.395122852259714,0.449232663506945,0.477323673252525,0.495401995808738,0.353783331608219,0.40952962319218,0.502184310952705,0.609067696941985,0.0609428937121705,0.220600224971145,0.902997477134306,0.0532663841323213,0.256266955380203,-0.0783265881900034,-0.263271925496925,0.134000120953741,0.250071270488545,-0.563989036455106
"pbpH",0.481166543631033,0.501551227535817,0.531810973165007,0.560131836920748,0.387086296116527,0.242524335090281,0.216777258404714,0.629552377429753,0.0183156290612359,0.0851974111674796,0.0573415977602537,0.0678345164651315,0.385491070393921,1,0.138887585222064,0.61645133001854,0.581094924273468,0.533449111620625,0.516472312164105,0.479528525693803,0.287830658313692,0.314845104475698,0.480818428098933,0.264208166324556,0.544595025144339,0.171239517120556,0.362824520733445,0.590565792857075,0.614402915330207,0.0758845427913499,0.643619930738792,0.296567774838992,0.646702338564679,0.748316550352054,0.567212503146529,0.584941438516557,0.836361863527453,0.227317911397585,0.125077026016734,0.107457538713448,0.721987171146438,0.441640667510464,0.0760513071539127,0.51862289230576,-0.176402068648935,-0.0576540646460905,0.256102470356982,0.233712184492476,0.389449873288513,0.185055322508954,0.199338685687614,0.257993344820548,0.316132670798448,0.229917304976948,-0.00298751313690446,0.694903784801122,0.0547800292326317,0.367239947217051,0.124610092055026,0.413701392867008,0.150559452654671,0.166516285196644,0.182622017037679,0.180862114634133,0.156196438922007,0.21634960919172,0.446663666935201,0.535266169537092,-0.156064973824308,-0.278980922156758,0.611656952729355,0.0978729909830655,0.602366722884614,0.264104091410947,0.188400277974174,0.271479095124823,0.429321929425176,-0.377683094766834,-0.102610240235952,0.580951851890689,0.458160461827717,-0.0728258641801421,0.397647865803486,-0.465496346375433
"phy",0.692351831164568,0.715884970524626,0.2081946995542,-0.203498480990573,0.234498938062647,0.681308120793865,0.629756044720898,0.455993532801796,0.349621836946484,0.428379147642677,0.169719176587544,-0.273730513173162,0.482202121192929,0.138887585222064,1,0.267873326618259,0.165146656869132,0.198141631665024,0.134264396268297,0.164821463287841,-0.32322222064582,-0.00169777038417442,-0.0955031544751191,-0.207099569231316,0.151958974923847,0.0668188948760936,0.0689268030398865,0.636841783947671,0.735385145084853,0.0744024315745453,0.450397260341104,-0.00118524727809058,0.229608735152586,0.0379820618660007,-0.270567718731711,0.407492187167155,0.1191115049639,-0.385337778984636,-0.375999350986519,-0.406803100184335,0.219602296866497,0.147207346414035,-0.329732557253827,0.318222066402037,-0.171482662200771,-0.012367550755745,-0.137026901329171,0.527982571962081,0.380911776637765,0.325920954451698,0.301022887397492,0.270546464162296,0.496937473714913,0.176995154555931,0.416432921107072,0.396062598809505,-0.0242181932018172,0.658994828867993,-0.0617773783281196,0.211660054238579,0.190768632776591,0.116685583538926,0.0211926057658902,-0.196531021901599,-0.214267137179944,0.0595460536394743,0.479999208551799,-0.139901607354968,0.099408592874234,0.163785705543452,-0.050143437689213,0.476764925885384,0.470835369583773,0.467367632599299,-0.164987785553144,-0.124900896990207,0.539316441508328,0.475788766981386,0.24974191325575,-0.142881626045303,-0.221964118423172,0.260078585430441,0.0916291500122979,-0.595072666872542
"ppsA",0.461403241393975,0.474605690842514,0.548206931444878,0.55281614312398,0.620351403149091,0.355380388923182,0.326918784320705,0.794637246165126,0.333671456294551,0.135985072220916,0.269468227475025,-0.0316669186456406,0.607215240605977,0.61645133001854,0.267873326618259,1,0.960264464184304,0.926872432326092,0.888402908510217,0.847840780773294,0.264304057245742,0.369708230929615,0.366631608839024,0.357181283649411,0.79236129485155,0.43541056779178,0.362287690889493,0.650899377696915,0.695501784202466,0.120909998683358,0.786238508490139,0.390379374753523,0.669611855540846,0.64184164656355,0.0937289950110006,0.534745877953429,0.5748410199652,0.174676329090288,0.0673155423604318,0.0681549094856238,0.758170555528846,0.412375454721365,-0.154723349955359,0.702565746140852,-0.158543904284427,-0.0464260911565,0.277776884550106,0.376411062319084,0.591684982628677,0.311717723222079,0.383271249523074,0.448711511911045,0.551216431226752,0.442012720990168,0.277944419755442,0.855249637181208,0.225640407691478,0.475110504094084,0.152533319526151,0.429442442728235,0.233460692447997,0.267479761579696,0.269317097408049,0.224284297593936,0.222784684728847,0.616751249783239,0.705935182500345,0.519884731465766,0.114186563243731,0.0820483732075074,0.589156995785211,0.174826399196549,0.734414627093172,0.448315897643899,0.26624862240289,0.38788468195171,0.705524452892878,-0.221472955532539,0.174310747746919,0.253241761543985,0.185114603579895,0.0101248789391897,0.336202989782333,-0.30483270065009
"ppsB",0.323671310307874,0.340890104083751,0.36983600465835,0.610930957847349,0.51205937196207,0.263023307207842,0.242087840017221,0.729344320043165,0.336284709963525,-0.0297438263764189,0.304790819804185,0.121246929104406,0.470901804358825,0.581094924273468,0.165146656869132,0.960264464184304,1,0.979008653165114,0.952966521800041,0.916369510477121,0.384589498689637,0.294303382480603,0.368728076650682,0.323218403090735,0.815575874861427,0.458544889011986,0.46442533677818,0.536048967966967,0.572485094270177,0.158708812497184,0.693368332842208,0.472571004057619,0.627007926456012,0.65360802856821,0.147843882788046,0.400544299543176,0.560414407827546,0.325743639435829,0.234705115286674,0.244727256625851,0.678782108571201,0.290496430490606,-0.209103639171255,0.63202408724787,-0.0337437190287818,0.0321102865166306,0.377491322792551,0.219932786814296,0.528051752726027,0.336461093916133,0.411831937994172,0.469612629154876,0.359218279780825,0.525059786698699,0.17735147667598,0.734470734767734,0.229229704365431,0.286401914582955,0.16903167903236,0.490780501864146,0.319047503403677,0.387666836514818,0.394947884886773,0.366953828288782,0.371229706209008,0.576846326529964,0.632324669800725,0.56941918601609,0.0883411960449316,0.0335624592266987,0.615781969446083,0.0271283182739129,0.675104092404474,0.329232702433157,0.346036901388853,0.268085366156203,0.561939357975422,-0.263408362216808,0.182462584859525,0.319319589991559,0.213236372255906,-0.0315966624284355,0.324454015633162,-0.186646667976445
"ppsC",0.326184965522577,0.346160891311634,0.316560161446921,0.552532027606336,0.449092916760674,0.261648832032416,0.239922494741527,0.701796442573233,0.363298848924549,-0.0341865273607153,0.329860781744743,0.134299633130968,0.460001560010748,0.533449111620625,0.198141631665024,0.926872432326092,0.979008653165114,1,0.982198580611003,0.955100628602885,0.394100748256093,0.270548916637776,0.394597028129106,0.282154380012609,0.774459074707712,0.478905578429567,0.477646438532851,0.502463369310811,0.543524972510177,0.185187292682828,0.669399449927747,0.492366605033408,0.638557668275733,0.632284700011292,0.135462043993297,0.386007092382311,0.519178004468991,0.33765380129392,0.259866495520066,0.270734608879921,0.610909966541929,0.257539242677876,-0.246474511938199,0.625204745284822,-0.0292184756316363,0.0449730826043404,0.378913477164365,0.192821657476669,0.561740901807518,0.395855468600788,0.470155790852873,0.529600900318394,0.331347156440903,0.546246482619201,0.184894851940905,0.690036573478452,0.265854591887449,0.280389234774647,0.118669360163561,0.523710587280174,0.3555090901482,0.42356115094117,0.423984387340605,0.365931466027314,0.371417052448185,0.566142115909883,0.630571854354524,0.537974027007338,0.121424682251526,0.0592147823490089,0.590538869895864,0.0295035767250731,0.700799306027633,0.316022798721763,0.354234442904841,0.204188354808413,0.565310167133114,-0.227519096133787,0.218850849727969,0.261831754752962,0.142695279778219,0.00224949894304929,0.351620029564774,-0.200832189663174
"ppsD",0.24252998275835,0.258277980250839,0.31063480740806,0.585599602139299,0.396444069706157,0.17061009439942,0.15701720005407,0.671278479203546,0.344070357008905,-0.112851070461851,0.34303552221413,0.181905259296109,0.397418675729581,0.516472312164105,0.134264396268297,0.888402908510217,0.952966521800041,0.982198580611003,1,0.98281394069738,0.460388395779955,0.269968231355494,0.462733841857023,0.285915334831175,0.73085352397187,0.486686475913868,0.490203240851866,0.447356366069975,0.481857112108516,0.183402793674511,0.617889331361698,0.503191811112325,0.667011244967241,0.667146721412283,0.177038747988585,0.32243704417282,0.514957637083355,0.407322864202619,0.32782246416912,0.341960596048167,0.593218902077529,0.224049326277896,-0.255253572178107,0.601211102789745,0.02809227244369,0.0863136812401252,0.40222057322101,0.109209747900927,0.546396979699113,0.393654994413189,0.474013526033144,0.545566071816397,0.268222675595728,0.565986261311151,0.0922295715223782,0.65682700232364,0.30453271657812,0.208053074399243,0.136710562689659,0.541070552634482,0.363668748972119,0.440297383379377,0.441703702683644,0.404810635639958,0.408728148212416,0.561592213386317,0.591114058007547,0.551599461196975,0.12736320383792,0.0454584441094214,0.613636371785497,-0.0558103780732695,0.662814231110031,0.232169732628117,0.398103550678912,0.193706076948347,0.509155721766945,-0.314124460562463,0.195957598535395,0.302356054621331,0.157972679268997,-0.0697495342090198,0.410020673993353,-0.161700758847662
"ppsE",0.274126126302011,0.282000573417694,0.300087514925929,0.557079891903296,0.331890553056246,0.113622028367103,0.0886660507364068,0.68153016130667,0.390415625529723,-0.0890800056965844,0.406134410961796,0.177183001266631,0.392780692029988,0.479528525693803,0.164821463287841,0.847840780773294,0.916369510477121,0.955100628602885,0.98281394069738,1,0.472438819011344,0.247803823895589,0.461119967365765,0.267555725957866,0.677303819018098,0.495809703219482,0.488427499558358,0.402358550642137,0.460140169471971,0.205211375176484,0.618602208101968,0.510175374028033,0.672602876975794,0.663770982515662,0.133998570285142,0.316550819698508,0.471706965501779,0.415945032458581,0.346893635224126,0.359229213617783,0.592073415567772,0.217981518516734,-0.328337718847306,0.616130140390216,0.129552159325501,0.193681780349348,0.427645386488886,0.128596099596993,0.561881677642132,0.436260542515832,0.513831955922822,0.577200646524846,0.242759820955877,0.570232012401401,0.0982908512633989,0.628623751636683,0.288913537824034,0.21107684413336,0.142310639857139,0.559805629454675,0.40237019229933,0.468381377542383,0.454873397066483,0.438135435774948,0.442903698375261,0.553073411593998,0.580054842718112,0.56364332090954,0.149816785660392,0.0563084153168473,0.609125648549458,-0.0310105814979311,0.659981568676368,0.24618343704245,0.389305787906046,0.163919279906505,0.504132244521285,-0.267808121030886,0.212195130375461,0.241853049644335,0.0834109729714389,-0.0287732284781637,0.415179095475987,-0.216118114328821
"pspA",-0.202061722419703,-0.186752602597612,0.0968952446509522,0.487644122645738,0.103955841802895,-0.224823885668861,-0.270235463882145,-0.000513690841676957,0.0380642201703593,-0.605488014273349,0.481415825704162,0.693879134791266,0.109838647571856,0.287830658313692,-0.32322222064582,0.264304057245742,0.384589498689637,0.394100748256093,0.460388395779955,0.472438819011344,1,0.333478567861557,0.746161499574448,0.344359364812192,0.39920232267428,0.665269960503653,0.698986662468425,-0.197793631711959,-0.122761766044729,0.46055858414657,0.216870134385942,0.763152916351866,0.569107469102604,0.601980644441952,0.343384818425743,-0.0325322248796676,0.338455208571233,0.971188388336707,0.926067055465446,0.91639649232997,0.105229253022062,-0.112548814663409,-0.222982769996361,0.235141323892213,0.40534493883026,0.468956608044411,0.763242054499304,-0.300504767026683,0.418416549229877,0.609205414168209,0.604319988634194,0.606768761205401,-0.306487579663754,0.590067879261482,-0.5006887525917,0.0241214666604071,0.512035125825007,-0.374771080729569,0.600666204955536,0.641593878825712,0.537840198681892,0.515655944090256,0.465436323315811,0.773762438476232,0.747016236567777,0.529337394917507,-0.192360667114598,0.720493286076324,0.436983223338502,0.271918599698809,0.639281173998958,-0.573312237956747,0.0760369195296484,-0.296907200011309,0.772749600898097,-0.168855357575925,0.098940577185877,-0.500463134261276,0.349854703378994,0.44023310279612,0.0376907106353546,-0.407614174566053,0.646878561474584,0.0950260286172441
"rpmGB",0.224351736473302,0.250475787069042,0.502154767967142,0.212905322867239,0.278655349789866,-0.0206899869643348,-0.103924944635684,0.14652128546226,-0.0928374236976707,-0.129656323696188,0.432445909840916,0.105237784908637,0.522095725913048,0.314845104475698,-0.00169777038417442,0.369708230929615,0.294303382480603,0.270548916637776,0.269968231355494,0.247803823895589,0.333478567861557,1,0.316740327254485,0.866194358778563,0.380607919118311,0.430786899045881,0.212333758927114,0.058108049066528,0.154008357763272,0.618665571453803,0.54525884717565,0.445038508543301,0.342445826170567,0.215354640204503,0.0190181426370008,0.35012465427022,0.403008113467942,0.292792962032848,0.278452268336736,0.214486740783677,0.213989831211988,-0.0228345276564681,-0.0668330317512626,0.472920247575004,0.00554707242781664,0.192119765333525,0.51467629401181,-0.00252576015403369,0.2298504843434,0.31296739779033,0.252207678193464,0.186309991129997,0.361096033726009,0.495724915276649,-0.193894586201016,0.363206995656957,0.485859712925895,0.193053753235304,0.582368072343681,0.593018518765103,0.535983263005435,0.452209245433703,0.384003029924875,0.279405297276292,0.245193146089577,0.40556007301862,0.0360658321532526,0.547840082984716,0.595957196368999,0.582481114689225,0.602539419581012,-0.196421028070532,0.387862042680472,-0.0682586275117319,0.318285257886549,0.1478085874111,0.473368956124769,-0.149712400492581,0.283950520086933,0.181916719016815,-0.152123115686115,-0.42751111558305,0.229413369995188,-0.0824886157187877
"rsiW",0.0630524702467324,0.098317376307776,0.45147936614456,0.362744758206195,0.201566707454358,0.0538994760932951,0.0289394530289251,0.214683243632247,0.0108180197555267,-0.296225051090469,0.20991158357525,0.327450235497923,0.24933453105843,0.480818428098933,-0.0955031544751191,0.366631608839024,0.368728076650682,0.394597028129106,0.462733841857023,0.461119967365765,0.746161499574448,0.316740327254485,1,0.208059971558291,0.277911772673437,0.462028383717823,0.414315236899402,0.151361738165617,0.17292164487194,0.242651515892717,0.330382730924886,0.458340313340482,0.834220126636185,0.725658497893723,0.456202198656844,0.271793335797754,0.469154522658995,0.641517290751939,0.546176396901529,0.536892966804331,0.260659100835468,0.207457566572422,-0.0290529171400094,0.334918840324268,-0.0302069146139948,0.0911162915955475,0.368643950424734,-0.0766771479274301,0.629990461423743,0.53550262549765,0.568426670308813,0.675249799771514,0.0328059678601006,0.343379383190156,-0.346922676721154,0.312295089760712,0.454528449028591,0.0291560807025368,0.300217717422239,0.495147521828383,0.242408311298135,0.180847625513339,0.142393505236764,0.330469848217165,0.292406992598112,0.419418001427134,0.117002916827473,0.453438127962204,0.299309879165533,0.128706913541634,0.5062754906492,-0.273889385360253,0.274663599382826,-0.037574338846573,0.527437066841816,0.0245067967153408,0.364121486504231,-0.561303268520286,0.226397624451377,0.4063548406678,0.169246270206374,-0.271159748986664,0.902615723563834,-0.199959751997292
"secE",0.0611863039984762,0.0626547794754882,0.367576541702182,0.282011250484932,0.318483303636148,-0.178444108882926,-0.245323059486059,0.131082470624157,-0.0640276521586081,-0.149643139600874,0.450574441901862,0.079745414742759,0.426481044227389,0.264208166324556,-0.207099569231316,0.357181283649411,0.323218403090735,0.282154380012609,0.285915334831175,0.267555725957866,0.344359364812192,0.866194358778563,0.208059971558291,1,0.361380524745402,0.368807023375214,0.166690174960769,-0.0692675981264817,-0.000650740511472691,0.589367609038729,0.455926003345112,0.401575755284683,0.215525646013153,0.168963655150422,-0.0227451242367606,0.322569967177426,0.289671480930192,0.34720243661594,0.334115228400123,0.278438887993874,0.271588136766686,-0.109058406098247,-0.131597189773508,0.462013769607234,0.170221311822221,0.274771182022772,0.561434659381922,-0.0462259072611904,0.112753181770132,0.197310924103655,0.158287794628367,0.0818407922507741,0.234445028049932,0.445181656987163,-0.234911164764457,0.290059756051523,0.390956103878011,0.0404961822310077,0.569532081184152,0.493618621920609,0.503776288838838,0.478302452791405,0.498962293147675,0.339307796265239,0.32433652498067,0.370744858851503,0.00660803787118033,0.615256452951484,0.545493389530192,0.511291506899663,0.599355152230516,-0.224478093650604,0.260401030242837,-0.104827666675163,0.215685287338349,0.179912507003922,0.339063684881836,-0.254133903045704,0.139705263316857,0.191298684949907,-0.0835116919141871,-0.390034331242127,0.0672301611969829,0.0522019136394334
"sivA",0.335418972058932,0.356788959190981,0.310251439903936,0.504470826186257,0.517370952105389,0.344628523473726,0.31108850602627,0.516226303388843,0.163748581523494,-0.111267167991183,0.468595888750627,0.276871435002249,0.487634827790966,0.544595025144339,0.151958974923847,0.79236129485155,0.815575874861427,0.774459074707712,0.73085352397187,0.677303819018098,0.39920232267428,0.380607919118311,0.277911772673437,0.361380524745402,1,0.513341262276704,0.659170194649578,0.512715334545266,0.532918249479936,0.232143040800332,0.719471502619175,0.605500953909018,0.506953730444649,0.520985646292712,0.0965999484856855,0.333833325285547,0.548745258994183,0.366530052690566,0.294408957674939,0.31094840285879,0.52548891199033,0.194493080812593,-0.161565116356742,0.600336613122136,0.0103911237872967,0.0369579178593632,0.486185624150728,0.207296533802849,0.447250530687856,0.344635357449194,0.411646192452518,0.445377867913077,0.327280563229797,0.624314041239464,0.195716338239657,0.578750629232488,0.211084232803402,0.202318986194173,0.316569640638953,0.439826832880806,0.316122211829067,0.371900808744287,0.389137070818973,0.474838495964931,0.489718686273696,0.644120557048832,0.370417731279926,0.596893328603781,0.133167705754449,0.129845678402205,0.621297094778394,-0.0704102857840974,0.560176868870463,0.339346543330684,0.444570925720248,0.199180531352862,0.54831620664842,-0.0843466687292272,0.296787813732934,0.270392492612325,0.160003842783295,-0.154405940084932,0.231659784875188,-0.0391495114082435
