"","ahpC","perR","ahpF","btr","fur","efeB","efeO","efeU","fbpB","fecC","fecD","fecE","fecF","fhuB","fhuC","fhuD","fhuG","fpbN","fpbO","fpbP","fpbQ","hemA","hemB","hemC","hemD","hemL","hemX","hmoA","katA","mrgA","spx","ycgT","yfhA","yfhC","yfiY","yfiZ","yfkM","yfmB","yhfQ","yjbC","yoaJ","yusU","yusV","ywiE","ywjA","ywjB","yxeB"
"ahpC",1,0.559904053719417,0.897132097084813,0.352045305206746,0.555141839439531,0.376901446719214,0.36594018865855,0.434276670500984,0.164552643863284,0.385599185435238,0.350893533403905,0.525802054447202,0.543415363675464,0.327281666386083,0.297640668779392,0.283199103772092,0.325064007078493,0.445977068593518,0.424291380892279,0.424178660886318,0.395280040513869,0.437605012103636,0.494716478971328,0.47394197072623,0.516953530846326,0.460441543920882,0.451829213714785,0.490091844614199,0.677353602102959,0.249777355392939,0.119496676487413,0.35465347168671,0.413979122694975,0.236486889959444,0.181085218251476,0.451603374050267,0.00331926121589548,-0.157584570878083,0.324721761963893,-0.0486738168374777,0.367184708696808,0.236298970663611,0.285161073045583,0.0482557385823512,0.448244282245891,0.438281054549974,0.34611940050622
"perR",0.559904053719417,1,0.64409868115401,0.191158462377263,0.482832029271666,0.297402345939654,0.237696479004155,0.212157198804964,0.223172926457905,0.0185459184967553,0.147023353154872,0.372958971400805,0.400709860401714,0.386026295356309,0.358652662995265,0.203119559637426,0.398340556794062,0.419909090507363,0.373392103643127,0.328506153019312,0.277841561916992,0.54817936967455,0.615793680495129,0.648402723424806,0.598963975200184,0.621333046572869,0.603451954874087,0.328407158138546,0.652496884039284,0.531617856840263,0.278451894859466,0.268782002779001,0.352266534134478,0.0245830249522395,-0.135623912530184,0.302000062584554,0.05318059181047,-0.429688029017335,0.144825736719014,0.125300422620936,0.438121407282256,0.347671904154412,0.0883256894900556,0.159805810936056,0.378615256559691,0.409144769085464,0.230642124874905
"ahpF",0.897132097084813,0.64409868115401,1,0.319178069706641,0.51166036030593,0.384316314717511,0.347367314453863,0.401668805049817,0.220927759333589,0.329871082667711,0.345430627986516,0.549537923490194,0.564362021821939,0.327944244260351,0.314771960154009,0.287093737424493,0.322553177089767,0.403910995942599,0.37492576407816,0.384664168363792,0.353754822643267,0.50718250473214,0.602503541278976,0.525599734722779,0.591993075897124,0.585588349123836,0.497874720849403,0.477110279580821,0.759717564746644,0.351692124831324,0.173556025941501,0.342680492632682,0.431671440296529,0.212143729829138,0.0761920405147785,0.440441943576429,0.130307942870041,-0.170194886981701,0.281360630203742,0.0462171394109466,0.380529314453505,0.264595345143021,0.286499847807122,0.197016755890187,0.474699240443786,0.469300862205377,0.336894056861795
"btr",0.352045305206746,0.191158462377263,0.319178069706641,1,0.205288141739491,0.659256918905225,0.711784148729304,0.678116418168922,0.802155572320719,0.705541272666635,0.55758261668192,0.535811255713259,0.494037721640967,0.858502108501941,0.895992306089287,0.915694923777689,0.874057870496573,0.677432879521007,0.654050628216108,0.646147169967818,0.64929892852625,0.20566787995016,-0.00623737167566854,0.0701999905705389,0.0445499072145741,-0.0166653924338024,0.129204866009463,0.83635079959157,0.197443684911141,-0.0224482071803762,0.362283697762585,0.947854652190744,0.643810947349414,0.761714862467318,0.702627861867488,0.665317787222117,-0.0374308287457981,-0.0859164395158723,0.899539183484024,0.156471848541466,0.775523237679913,0.715289458095872,0.806067765438189,-0.0746539748511077,0.81536344102959,0.806626530029145,0.914797445243154
"fur",0.555141839439531,0.482832029271666,0.51166036030593,0.205288141739491,1,0.300783599010234,0.393317836624951,0.482932619023735,-0.0704126583227793,0.462120061183343,0.538917250885569,0.495796007428574,0.50774700138847,0.338259122710983,0.261643254806716,0.207054004973848,0.315523815537533,0.53321101484943,0.544133062130816,0.533289667471882,0.479780010139301,0.162985261483261,0.407507620725051,0.428497309638224,0.446581239958175,0.331351489073029,0.384621911737901,0.36245925897734,0.516159178981527,0.161749616873219,-0.178637287390434,0.155157363503261,0.463221014702136,0.110241637103581,0.155719595746155,0.503576145260844,-0.409783460357212,-0.51242935259106,0.339370169283399,-0.194333986983483,0.331405878062864,0.267996651698425,0.191072660253068,-0.368961482883777,0.247073489768051,0.270340931217287,0.274322492389249
"efeB",0.376901446719214,0.297402345939654,0.384316314717511,0.659256918905225,0.300783599010234,1,0.942470199050633,0.884213788665747,0.599656896494049,0.631573086068983,0.584442775747165,0.524043776708996,0.577291532820532,0.737290798758699,0.761052946338567,0.800378714651998,0.75753491177672,0.762254340404858,0.75090767417078,0.784165106942698,0.759872585861981,0.507432461168548,0.423991836029207,0.47121018368384,0.480402420906693,0.433500390594014,0.493554340916623,0.57229133751875,0.285974227146846,0.0853911274748894,0.217812741769151,0.632051044949158,0.747548966333904,0.445641724262212,0.654658587355066,0.712358013985918,-0.265398069120221,-0.40714560007129,0.727904120388284,0.0631427088600602,0.613781912927072,0.720402977406359,0.559449525330688,-0.139445493137809,0.627887073039163,0.599620134631059,0.793484697306539
"efeO",0.36594018865855,0.237696479004155,0.347367314453863,0.711784148729304,0.393317836624951,0.942470199050633,1,0.941199465008864,0.527372554546782,0.705612183442003,0.63585078003211,0.576636991782304,0.607569689316591,0.753748031041883,0.776169458156561,0.839960368515326,0.77168678000582,0.784611822903925,0.782162927614869,0.812295442432547,0.802472943060389,0.333125886123345,0.309774348211355,0.353790836193973,0.373306465500759,0.293372203169949,0.367846479749714,0.621800896238262,0.317380482483621,0.0431208229285316,0.101297253201568,0.655425582784017,0.766269435198095,0.496215100626115,0.713051384398237,0.751452698167762,-0.343837498671613,-0.405759866549128,0.785485211276362,-0.0431317536798335,0.629648862596314,0.73080088256413,0.598927220072247,-0.234803904402741,0.643499755370451,0.622374188480537,0.830528225812382
"efeU",0.434276670500984,0.212157198804964,0.401668805049817,0.678116418168922,0.482932619023735,0.884213788665747,0.941199465008864,1,0.441790191674757,0.781003843102783,0.72981817734454,0.667608182867874,0.682420021141411,0.699136529573835,0.699203233313919,0.765302308656062,0.703901162486987,0.804656974908032,0.799948233498147,0.821861519580862,0.808274146499846,0.27768086018042,0.271019821269539,0.3108083028065,0.350578720000989,0.245176594093672,0.323604107373874,0.598562407065548,0.297147213514958,-0.0475461093303867,-0.0413860175757126,0.604819041176843,0.819431491949565,0.457753680193254,0.708484194911594,0.823288186545427,-0.380764462212168,-0.380256558827765,0.782196375560856,-0.151757264373928,0.630401078190068,0.64267318897678,0.611616475433976,-0.268200280081764,0.598614916480387,0.566726222584681,0.801374912902135
"fbpB",0.164552643863284,0.223172926457905,0.220927759333589,0.802155572320719,-0.0704126583227793,0.599656896494049,0.527372554546782,0.441790191674757,1,0.402082617220219,0.297028285056302,0.293552108186278,0.271653471537054,0.748491570038068,0.791940996996873,0.793428386958256,0.760475665326003,0.426848114572776,0.379864243858593,0.377298423505255,0.358805125034147,0.457426218713868,0.13625946397346,0.206222089224955,0.155864066780609,0.170569944266837,0.282252749861078,0.652845664368583,0.14261348019836,0.156662383106712,0.564194288739129,0.832018746462743,0.432419002574812,0.586733620615454,0.456460682186773,0.407150539751579,0.170128982876374,-0.0181258588061817,0.697096916461541,0.340513693306981,0.70040179290665,0.638981235887998,0.63617401727667,0.194429183655106,0.705774990373726,0.704920292810907,0.769010036145034
"fecC",0.385599185435238,0.0185459184967553,0.329871082667711,0.705541272666635,0.462120061183343,0.631573086068983,0.705612183442003,0.781003843102783,0.402082617220219,1,0.843844014537853,0.69033968159377,0.710763541144697,0.60969795982949,0.666963652096225,0.681581074721476,0.61985877805448,0.682211652044654,0.694511074799452,0.75019778751248,0.784936163532617,0.0786478560628043,0.056979184453819,0.0409806575901616,0.107196076761006,0.00332239770618591,0.0519713041832109,0.629366270242214,0.0420457488046301,-0.333179354327921,-0.110863382336711,0.601801801477037,0.76989924666111,0.655646648777426,0.782819713197622,0.811359226954389,-0.297508353943058,-0.222765058643644,0.800673163933275,-0.192543976158357,0.63331463222901,0.4418831248191,0.621672634152823,-0.359753454767291,0.506322401532015,0.535010747400351,0.736551898011648
"fecD",0.350893533403905,0.147023353154872,0.345430627986516,0.55758261668192,0.538917250885569,0.584442775747165,0.63585078003211,0.72981817734454,0.297028285056302,0.843844014537853,1,0.719944394204511,0.712147542056518,0.618534483123531,0.601142263664313,0.557517768881358,0.612474143299203,0.731864948208933,0.732526899540647,0.765957980951091,0.743240598813007,0.122973486435028,0.263456990466243,0.242705412007914,0.310512888407038,0.187583928951281,0.249557802809306,0.446139876799579,0.0921983610343174,-0.220449059871376,-0.252049109859912,0.450605933353621,0.813746813604555,0.409314907647025,0.598341581589474,0.837371460320661,-0.282191030035282,-0.433871995483703,0.689817132669556,-0.178704783478721,0.639163587423557,0.500392348470885,0.480317039141676,-0.273264796824209,0.499731250196829,0.490261112372674,0.590873403889465
"fecE",0.525802054447202,0.372958971400805,0.549537923490194,0.535811255713259,0.495796007428574,0.524043776708996,0.576636991782304,0.667608182867874,0.293552108186278,0.69033968159377,0.719944394204511,1,0.943485127698714,0.585537968528987,0.565679699810693,0.511768094093735,0.584286844174643,0.720776479072338,0.704183906926613,0.713931069763136,0.674378787511042,0.202125630808407,0.319653171521491,0.339689650617712,0.385720322848357,0.255026152581212,0.277905484252343,0.546773692576359,0.38178420292455,-0.0131874582926286,0.0346263475528654,0.498037918579752,0.651507508111171,0.272865873689233,0.3640095870738,0.660114400182832,-0.0686219012072143,-0.420932010698855,0.552043580300113,-0.0109544107243066,0.586103609570534,0.429005752023333,0.335808224349942,-0.00283834811142314,0.535484647665477,0.49859147948438,0.574144232789399
"fecF",0.543415363675464,0.400709860401714,0.564362021821939,0.494037721640967,0.50774700138847,0.577291532820532,0.607569689316591,0.682420021141411,0.271653471537054,0.710763541144697,0.712147542056518,0.943485127698714,1,0.534271796431743,0.550346350269913,0.495627632171464,0.538454280634928,0.687741697151138,0.67572880885107,0.714779102471245,0.686343236798325,0.258172050453739,0.389201086553839,0.380278379235422,0.429641442006613,0.329416851709405,0.29775244281971,0.529780616677726,0.357877523263832,-0.0208913087137755,0.024252674331222,0.465647477143637,0.692244704368174,0.305232289147451,0.401406272793024,0.690547879030591,-0.103246474239191,-0.422042470473568,0.535611025220178,-0.064966929320281,0.579130088227631,0.417360662446524,0.344534365826899,-0.0265361438394518,0.497555065377396,0.485318605206712,0.577959570970792
"fhuB",0.327281666386083,0.386026295356309,0.327944244260351,0.858502108501941,0.338259122710983,0.737290798758699,0.753748031041883,0.699136529573835,0.748491570038068,0.60969795982949,0.618534483123531,0.585537968528987,0.534271796431743,1,0.955852360860538,0.8965096800593,0.987497880350824,0.788598224165104,0.751707746495025,0.729473480898766,0.671313533314929,0.308345409066463,0.199897271424085,0.332807194616288,0.275082859360779,0.184091208327193,0.368542696364534,0.750589070001749,0.285658118318319,0.132730366846464,0.332981953414552,0.888921155365457,0.705309692293252,0.615311232275556,0.648176911066175,0.700272589800843,-0.115807345178822,-0.369103833329111,0.861493847322174,0.13034453110194,0.840298639796148,0.795593568966843,0.68500176447739,-0.14263463265378,0.80223919696459,0.781000741454047,0.85256099017785
"fhuC",0.297640668779392,0.358652662995265,0.314771960154009,0.895992306089287,0.261643254806716,0.761052946338567,0.776169458156561,0.699203233313919,0.791940996996873,0.666963652096225,0.601142263664313,0.565679699810693,0.550346350269913,0.955852360860538,1,0.927872727481937,0.974172495463359,0.739057361578085,0.710226020506166,0.7140602136428,0.698444713239969,0.309790077595943,0.167875892877729,0.255771648026255,0.21997067343931,0.151856917226225,0.287509264374052,0.748075274987954,0.232841777682274,0.076451945083132,0.353590567318631,0.902613922349694,0.729239064645317,0.679643041512328,0.701825885585472,0.707992608332666,-0.0884128700141267,-0.308235106690011,0.888460245430677,0.132888441860694,0.861516702376205,0.788162442162971,0.713429712863672,-0.134535396976367,0.791912644492869,0.812512472332618,0.89276284348773
"fhuD",0.283199103772092,0.203119559637426,0.287093737424493,0.915694923777689,0.207054004973848,0.800378714651998,0.839960368515326,0.765302308656062,0.793428386958256,0.681581074721476,0.557517768881358,0.511768094093735,0.495627632171464,0.8965096800593,0.927872727481937,1,0.907204257187609,0.717370996418426,0.691521905626855,0.700242578242837,0.699732902219428,0.269404335693671,0.10179426538267,0.168276401154548,0.157599063486908,0.110435314415396,0.212861822073039,0.789508982868149,0.239917890289378,0.0801018106108481,0.338408838846127,0.908456922140336,0.710235121156483,0.718850746813128,0.762949449925812,0.706738039346189,-0.130566588459946,-0.169015828788552,0.920010035181283,0.138158742669721,0.75771745761035,0.789202036074651,0.820299221121987,-0.120441787616766,0.79605141382625,0.778694646917877,0.949583910780305
"fhuG",0.325064007078493,0.398340556794062,0.322553177089767,0.874057870496573,0.315523815537533,0.75753491177672,0.77168678000582,0.703901162486987,0.760475665326003,0.61985877805448,0.612474143299203,0.584286844174643,0.538454280634928,0.987497880350824,0.974172495463359,0.907204257187609,1,0.792307794407592,0.759881742431019,0.737548561277408,0.69307917496939,0.329705617459514,0.21191888523331,0.335910221625207,0.281284431309512,0.194102277060202,0.371555262597352,0.737043506054216,0.282715230654102,0.117517386205166,0.349438103730153,0.888095651225819,0.709736684697433,0.608865015329659,0.646868483210069,0.697785246368313,-0.104522310825195,-0.377905273869097,0.863544212656562,0.150374446982722,0.848594552815788,0.800005911014186,0.671928556552633,-0.128593187825556,0.806578648043924,0.791802271675518,0.864317582407781
"fpbN",0.445977068593518,0.419909090507363,0.403910995942599,0.677432879521007,0.53321101484943,0.762254340404858,0.784611822903925,0.804656974908032,0.426848114572776,0.682211652044654,0.731864948208933,0.720776479072338,0.687741697151138,0.788598224165104,0.739057361578085,0.717370996418426,0.792307794407592,1,0.988889716677523,0.966498484288017,0.924069528183289,0.367112932494607,0.363215610644691,0.469733663020514,0.437327807119323,0.315101138949752,0.482471195340861,0.628487455776512,0.270739187252997,0.0473249836305722,0.0386403751595259,0.617543686854502,0.802104340820075,0.354765622713191,0.555979881981875,0.800963915661804,-0.395854086833659,-0.608224098267946,0.710191570402091,-0.0412410943002898,0.633031875988753,0.695118845279253,0.511375626084298,-0.278492469712021,0.610706566437407,0.55732410773185,0.733364032811421
"fpbO",0.424291380892279,0.373392103643127,0.37492576407816,0.654050628216108,0.544133062130816,0.75090767417078,0.782162927614869,0.799948233498147,0.379864243858593,0.694511074799452,0.732526899540647,0.704183906926613,0.67572880885107,0.751707746495025,0.710226020506166,0.691521905626855,0.759881742431019,0.988889716677523,1,0.977242538399175,0.9423100569487,0.337715897969394,0.35573734785815,0.461665361940857,0.434235499958979,0.299066402590952,0.47296557010092,0.619661127535364,0.240242279664106,0.0169909525025962,-0.00847973821674919,0.577920567006949,0.790093746140391,0.346428375366591,0.562798528446979,0.789890647338079,-0.44101071599006,-0.621445869607178,0.692132734499962,-0.0696115011557921,0.595320870824657,0.678806487605466,0.498996373828214,-0.324753183019246,0.576237988980629,0.531336481306638,0.713113710730289
"fpbP",0.424178660886318,0.328506153019312,0.384664168363792,0.646147169967818,0.533289667471882,0.784165106942698,0.812295442432547,0.821861519580862,0.377298423505255,0.75019778751248,0.765957980951091,0.713931069763136,0.714779102471245,0.729473480898766,0.7140602136428,0.700242578242837,0.737548561277408,0.966498484288017,0.977242538399175,1,0.968574047956783,0.331674868483823,0.370557673891574,0.445455846773352,0.437119811265812,0.307558610150619,0.440077249501349,0.608377322355181,0.218951412740781,-0.00422472063777794,-0.0438836717916265,0.564544091940842,0.81295017055975,0.374115840813263,0.612611980641629,0.809646125531192,-0.459675972672608,-0.615043449166776,0.707376095364702,-0.0999194713863688,0.585484823489076,0.681212372274155,0.500158315457341,-0.350187231951181,0.559909877702098,0.532710418501552,0.714878037871772
"fpbQ",0.395280040513869,0.277841561916992,0.353754822643267,0.64929892852625,0.479780010139301,0.759872585861981,0.802472943060389,0.808274146499846,0.358805125034147,0.784936163532617,0.743240598813007,0.674378787511042,0.686343236798325,0.671313533314929,0.698444713239969,0.699732902219428,0.69307917496939,0.924069528183289,0.9423100569487,0.968574047956783,1,0.27366401541124,0.299885973161627,0.339696907349199,0.351282102893065,0.237208594885471,0.337505831325311,0.618684442058766,0.163170021091366,-0.0757904815965263,-0.068095087207424,0.547783335507696,0.821956669143784,0.441451316950974,0.656567911111974,0.814877676262053,-0.47084979586669,-0.551270095311755,0.708952109664861,-0.134423943566948,0.569742200618569,0.623524743053592,0.5198045610254,-0.387278935266796,0.513439413268389,0.524560278976728,0.726271209936043
"hemA",0.437605012103636,0.54817936967455,0.50718250473214,0.20566787995016,0.162985261483261,0.507432461168548,0.333125886123345,0.27768086018042,0.457426218713868,0.0786478560628043,0.122973486435028,0.202125630808407,0.258172050453739,0.308345409066463,0.309790077595943,0.269404335693671,0.329705617459514,0.367112932494607,0.337715897969394,0.331674868483823,0.27366401541124,1,0.723767014521995,0.766768310123898,0.725220777436772,0.738919560826677,0.826664430113824,0.154197824233733,0.446896384637634,0.467059777884582,0.362381685933357,0.239575185145903,0.236289361059926,-0.0248909953201772,0.0114857897905256,0.193679622413398,0.033733763281466,-0.292437192712382,0.174716760532131,0.202643343069487,0.276823307797524,0.314654099990691,0.0632786345064545,0.245657126412511,0.236043192285473,0.193295971355635,0.25862953419681
"hemB",0.494716478971328,0.615793680495129,0.602503541278976,-0.00623737167566854,0.407507620725051,0.423991836029207,0.309774348211355,0.271019821269539,0.13625946397346,0.056979184453819,0.263456990466243,0.319653171521491,0.389201086553839,0.199897271424085,0.167875892877729,0.10179426538267,0.21191888523331,0.363215610644691,0.35573734785815,0.370557673891574,0.299885973161627,0.723767014521995,1,0.931275697637444,0.972733469236387,0.962041729928808,0.878331046291287,0.0735786810857821,0.581181286136917,0.511740354536722,0.0058274090224636,-0.0114964377942659,0.302401993899929,-0.242825873946188,-0.199177362138925,0.256923502443577,-0.140806292787403,-0.586203305856361,0.00937246240301934,0.0200447320409758,0.246564169175367,0.283885479068991,-0.0571404251847083,0.131169527593012,0.206843156369048,0.191635994683296,0.115748141342167
"hemC",0.47394197072623,0.648402723424806,0.525599734722779,0.0701999905705389,0.428497309638224,0.47121018368384,0.353790836193973,0.3108083028065,0.206222089224955,0.0409806575901616,0.242705412007914,0.339689650617712,0.380278379235422,0.332807194616288,0.255771648026255,0.168276401154548,0.335910221625207,0.469733663020514,0.461665361940857,0.445455846773352,0.339696907349199,0.766768310123898,0.931275697637444,1,0.956822915625621,0.900927518812854,0.951692552188375,0.136727133735471,0.558041952774366,0.523246138932036,0.104029737415099,0.0974855883728895,0.290410276670237,-0.237593334046556,-0.153702928868482,0.24561947277837,-0.181636162767322,-0.659225207728021,0.0640783910610928,0.0666431914777907,0.297933281588551,0.369299852750047,-0.0438282560506423,0.0770402605311964,0.259071761167883,0.214501280473179,0.1752107570566
"hemD",0.516953530846326,0.598963975200184,0.591993075897124,0.0445499072145741,0.446581239958175,0.480402420906693,0.373306465500759,0.350578720000989,0.155864066780609,0.107196076761006,0.310512888407038,0.385720322848357,0.429641442006613,0.275082859360779,0.21997067343931,0.157599063486908,0.281284431309512,0.437327807119323,0.434235499958979,0.437119811265812,0.351282102893065,0.725220777436772,0.972733469236387,0.956822915625621,1,0.933847219623576,0.907045346864423,0.113487059160191,0.599255733522454,0.501986957392407,-0.0150130391199165,0.0393321795451052,0.331604573313388,-0.235917955165388,-0.141574991222356,0.292642397696668,-0.211502396200544,-0.631378838966221,0.0756978786062504,-0.0135122119504273,0.293233639896879,0.322292610375261,-0.028576733000644,0.0777760651811557,0.239002104608111,0.205778881042334,0.167826656661957
"hemL",0.460441543920882,0.621333046572869,0.585588349123836,-0.0166653924338024,0.331351489073029,0.433500390594014,0.293372203169949,0.245176594093672,0.170569944266837,0.00332239770618591,0.187583928951281,0.255026152581212,0.329416851709405,0.184091208327193,0.151856917226225,0.110435314415396,0.194102277060202,0.315101138949752,0.299066402590952,0.307558610150619,0.237208594885471,0.738919560826677,0.962041729928808,0.900927518812854,0.933847219623576,1,0.848614960486586,0.0806180444536462,0.561601569922381,0.522966372766906,0.0833277297330486,0.00490248983924711,0.294016265634681,-0.212346957526114,-0.218493007059546,0.243074252605035,-0.0919342856096724,-0.508186626893238,-0.0277421930444335,0.100053402131162,0.244020439710056,0.236090002482915,-0.0259650092065952,0.207430587023996,0.207623856382668,0.183878565984676,0.124629688834218
"hemX",0.451829213714785,0.603451954874087,0.497874720849403,0.129204866009463,0.384621911737901,0.493554340916623,0.367846479749714,0.323604107373874,0.282252749861078,0.0519713041832109,0.249557802809306,0.277905484252343,0.29775244281971,0.368542696364534,0.287509264374052,0.212861822073039,0.371555262597352,0.482471195340861,0.47296557010092,0.440077249501349,0.337505831325311,0.826664430113824,0.878331046291287,0.951692552188375,0.907045346864423,0.848614960486586,1,0.151484936384525,0.530549979529957,0.535889603735685,0.140356038300238,0.136987124516895,0.293052053000052,-0.185379115093699,-0.08571211168293,0.25397317182288,-0.184234340880169,-0.575032674024746,0.122326488083625,0.0852332289287505,0.29910648599529,0.417458610555545,0.0329565120479805,0.0667459889687959,0.265087425757563,0.208107022642079,0.209769424609738
"hmoA",0.490091844614199,0.328407158138546,0.477110279580821,0.83635079959157,0.36245925897734,0.57229133751875,0.621800896238262,0.598562407065548,0.652845664368583,0.629366270242214,0.446139876799579,0.546773692576359,0.529780616677726,0.750589070001749,0.748075274987954,0.789508982868149,0.737043506054216,0.628487455776512,0.619661127535364,0.608377322355181,0.618684442058766,0.154197824233733,0.0735786810857821,0.136727133735471,0.113487059160191,0.0806180444536462,0.151484936384525,1,0.314643007076888,0.0846333500089352,0.350388916244623,0.84846572740396,0.634578332193832,0.767778328550911,0.5787282139874,0.658141580442388,-0.0668770825102416,-0.116215491675248,0.749979037244756,0.109389734689627,0.674423360016358,0.60226555186797,0.779181487404496,-0.107359563758674,0.763353008954219,0.781994906869047,0.838574946041756
"katA",0.677353602102959,0.652496884039284,0.759717564746644,0.197443684911141,0.516159178981527,0.285974227146846,0.317380482483621,0.297147213514958,0.14261348019836,0.0420457488046301,0.0921983610343174,0.38178420292455,0.357877523263832,0.285658118318319,0.232841777682274,0.239917890289378,0.282715230654102,0.270739187252997,0.240242279664106,0.218951412740781,0.163170021091366,0.446896384637634,0.581181286136917,0.558041952774366,0.599255733522454,0.561601569922381,0.530549979529957,0.314643007076888,1,0.695105700336382,0.22871136554388,0.226601537582896,0.163631473445511,0.00750253780121147,-0.128976776189674,0.155908548248359,0.0542608933103967,-0.199310794940864,0.1770574018379,0.094310500838545,0.204375100648416,0.296346590630487,0.121946054515949,0.192508153440987,0.36303072422916,0.339918524330598,0.234692236603055
"mrgA",0.249777355392939,0.531617856840263,0.351692124831324,-0.0224482071803762,0.161749616873219,0.0853911274748894,0.0431208229285316,-0.0475461093303867,0.156662383106712,-0.333179354327921,-0.220449059871376,-0.0131874582926286,-0.0208913087137755,0.132730366846464,0.076451945083132,0.0801018106108481,0.117517386205166,0.0473249836305722,0.0169909525025962,-0.00422472063777794,-0.0757904815965263,0.467059777884582,0.511740354536722,0.523246138932036,0.501986957392407,0.522966372766906,0.535889603735685,0.0846333500089352,0.695105700336382,1,0.282152614367857,0.0511390484040229,-0.0720294476500949,-0.194589248126267,-0.307980076504367,-0.12451403757076,0.055726673958535,-0.148368144454496,-0.0645666596649515,0.201683611207802,0.00312306256366038,0.294453157099952,-0.0162615013042723,0.226283525510469,0.123488305264067,0.0963529721783798,0.0281897766526849
"spx",0.119496676487413,0.278451894859466,0.173556025941501,0.362283697762585,-0.178637287390434,0.217812741769151,0.101297253201568,-0.0413860175757126,0.564194288739129,-0.110863382336711,-0.252049109859912,0.0346263475528654,0.024252674331222,0.332981953414552,0.353590567318631,0.338408838846127,0.349438103730153,0.0386403751595259,-0.00847973821674919,-0.0438836717916265,-0.068095087207424,0.362381685933357,0.0058274090224636,0.104029737415099,-0.0150130391199165,0.0833277297330486,0.140356038300238,0.350388916244623,0.22871136554388,0.282152614367857,1,0.485794949076732,-0.100761585889238,0.288753651757496,0.0201277738836456,-0.15195463008831,0.55020475523085,0.179951184984455,0.189135573664268,0.760543738422359,0.141637731845845,0.256185102666896,0.167929454152896,0.454403128305015,0.429593232622548,0.398420555023177,0.283507795624944
"ycgT",0.35465347168671,0.268782002779001,0.342680492632682,0.947854652190744,0.155157363503261,0.632051044949158,0.655425582784017,0.604819041176843,0.832018746462743,0.601801801477037,0.450605933353621,0.498037918579752,0.465647477143637,0.888921155365457,0.902613922349694,0.908456922140336,0.888095651225819,0.617543686854502,0.577920567006949,0.564544091940842,0.547783335507696,0.239575185145903,-0.0114964377942659,0.0974855883728895,0.0393321795451052,0.00490248983924711,0.136987124516895,0.84846572740396,0.226601537582896,0.0511390484040229,0.485794949076732,1,0.601984683026353,0.772613784248741,0.663834275387071,0.611286262966649,0.0799167268286944,-0.0381297399556344,0.847672982649845,0.22789643856169,0.786016925219688,0.695793686705895,0.791328424855107,0.00656049772248222,0.839294783152237,0.821761402097835,0.89540953513753
"yfhA",0.413979122694975,0.352266534134478,0.431671440296529,0.643810947349414,0.463221014702136,0.747548966333904,0.766269435198095,0.819431491949565,0.432419002574812,0.76989924666111,0.813746813604555,0.651507508111171,0.692244704368174,0.705309692293252,0.729239064645317,0.710235121156483,0.709736684697433,0.802104340820075,0.790093746140391,0.81295017055975,0.821956669143784,0.236289361059926,0.302401993899929,0.290410276670237,0.331604573313388,0.294016265634681,0.293052053000052,0.634578332193832,0.163631473445511,-0.0720294476500949,-0.100761585889238,0.601984683026353,1,0.53414187892197,0.669836727162868,0.975336929820528,-0.307722714054712,-0.416898847792877,0.731843746984557,-0.186382355875658,0.74325970317963,0.58681217092718,0.651093020138709,-0.226160938733142,0.624425295314756,0.645215026460597,0.774063486012871
"yfhC",0.236486889959444,0.0245830249522395,0.212143729829138,0.761714862467318,0.110241637103581,0.445641724262212,0.496215100626115,0.457753680193254,0.586733620615454,0.655646648777426,0.409314907647025,0.272865873689233,0.305232289147451,0.615311232275556,0.679643041512328,0.718850746813128,0.608865015329659,0.354765622713191,0.346428375366591,0.374115840813263,0.441451316950974,-0.0248909953201772,-0.242825873946188,-0.237593334046556,-0.235917955165388,-0.212346957526114,-0.185379115093699,0.767778328550911,0.00750253780121147,-0.194589248126267,0.288753651757496,0.772613784248741,0.53414187892197,1,0.769673175285474,0.570646743600592,0.0313184944032806,0.201362759711108,0.749794746552202,-0.00635598795388442,0.584766727942631,0.371814755560678,0.751341243603312,-0.191563952456591,0.574105970139211,0.638064003160966,0.72354588117173
"yfiY",0.181085218251476,-0.135623912530184,0.0761920405147785,0.702627861867488,0.155719595746155,0.654658587355066,0.713051384398237,0.708484194911594,0.456460682186773,0.782819713197622,0.598341581589474,0.3640095870738,0.401406272793024,0.648176911066175,0.701825885585472,0.762949449925812,0.646868483210069,0.555979881981875,0.562798528446979,0.612611980641629,0.656567911111974,0.0114857897905256,-0.199177362138925,-0.153702928868482,-0.141574991222356,-0.218493007059546,-0.08571211168293,0.5787282139874,-0.128976776189674,-0.307980076504367,0.0201277738836456,0.663834275387071,0.669836727162868,0.769673175285474,1,0.698130183534974,-0.25777698633237,0.0133585484266892,0.838859781040071,-0.185571394569881,0.545888921751501,0.497779054575104,0.702478523239115,-0.422066625067037,0.459164168100543,0.479853467869455,0.731915932791719
"yfiZ",0.451603374050267,0.302000062584554,0.440441943576429,0.665317787222117,0.503576145260844,0.712358013985918,0.751452698167762,0.823288186545427,0.407150539751579,0.811359226954389,0.837371460320661,0.660114400182832,0.690547879030591,0.700272589800843,0.707992608332666,0.706738039346189,0.697785246368313,0.800963915661804,0.789890647338079,0.809646125531192,0.814877676262053,0.193679622413398,0.256923502443577,0.24561947277837,0.292642397696668,0.243074252605035,0.25397317182288,0.658141580442388,0.155908548248359,-0.12451403757076,-0.15195463008831,0.611286262966649,0.975336929820528,0.570646743600592,0.698130183534974,1,-0.331642785484889,-0.374328788079184,0.757159256096699,-0.225492523088818,0.745080325220935,0.557534551282905,0.691010584052622,-0.263839235584254,0.617899042596466,0.628586667455381,0.770279729310177
"yfkM",0.00331926121589548,0.05318059181047,0.130307942870041,-0.0374308287457981,-0.409783460357212,-0.265398069120221,-0.343837498671613,-0.380764462212168,0.170128982876374,-0.297508353943058,-0.282191030035282,-0.0686219012072143,-0.103246474239191,-0.115807345178822,-0.0884128700141267,-0.130566588459946,-0.104522310825195,-0.395854086833659,-0.44101071599006,-0.459675972672608,-0.47084979586669,0.033733763281466,-0.140806292787403,-0.181636162767322,-0.211502396200544,-0.0919342856096724,-0.184234340880169,-0.0668770825102416,0.0542608933103967,0.055726673958535,0.55020475523085,0.0799167268286944,-0.307722714054712,0.0313184944032806,-0.25777698633237,-0.331642785484889,1,0.478684369650001,-0.173269079348186,0.603724960208769,-0.10739288428235,-0.141413358827525,-0.125180368955942,0.820839350534224,0.200501220820728,0.164631919053217,-0.176038829036621
"yfmB",-0.157584570878083,-0.429688029017335,-0.170194886981701,-0.0859164395158723,-0.51242935259106,-0.40714560007129,-0.405759866549128,-0.380256558827765,-0.0181258588061817,-0.222765058643644,-0.433871995483703,-0.420932010698855,-0.422042470473568,-0.369103833329111,-0.308235106690011,-0.169015828788552,-0.377905273869097,-0.608224098267946,-0.621445869607178,-0.615043449166776,-0.551270095311755,-0.292437192712382,-0.586203305856361,-0.659225207728021,-0.631378838966221,-0.508186626893238,-0.575032674024746,-0.116215491675248,-0.199310794940864,-0.148368144454496,0.179951184984455,-0.0381297399556344,-0.416898847792877,0.201362759711108,0.0133585484266892,-0.374328788079184,0.478684369650001,1,-0.154737678740804,0.135890363709547,-0.32490129773564,-0.367169205257167,0.129075901151666,0.274750751772628,-0.157208599914848,-0.165454417248757,-0.203078165595992
"yhfQ",0.324721761963893,0.144825736719014,0.281360630203742,0.899539183484024,0.339370169283399,0.727904120388284,0.785485211276362,0.782196375560856,0.697096916461541,0.800673163933275,0.689817132669556,0.552043580300113,0.535611025220178,0.861493847322174,0.888460245430677,0.920010035181283,0.863544212656562,0.710191570402091,0.692132734499962,0.707376095364702,0.708952109664861,0.174716760532131,0.00937246240301934,0.0640783910610928,0.0756978786062504,-0.0277421930444335,0.122326488083625,0.749979037244756,0.1770574018379,-0.0645666596649515,0.189135573664268,0.847672982649845,0.731843746984557,0.749794746552202,0.838859781040071,0.757159256096699,-0.173269079348186,-0.154737678740804,1,0.0024742529343951,0.750842737303503,0.715291634720498,0.798134767164777,-0.232033552879106,0.735933538826641,0.741195654172334,0.895878805254989
"yjbC",-0.0486738168374777,0.125300422620936,0.0462171394109466,0.156471848541466,-0.194333986983483,0.0631427088600602,-0.0431317536798335,-0.151757264373928,0.340513693306981,-0.192543976158357,-0.178704783478721,-0.0109544107243066,-0.064966929320281,0.13034453110194,0.132888441860694,0.138158742669721,0.150374446982722,-0.0412410943002898,-0.0696115011557921,-0.0999194713863688,-0.134423943566948,0.202643343069487,0.0200447320409758,0.0666431914777907,-0.0135122119504273,0.100053402131162,0.0852332289287505,0.109389734689627,0.094310500838545,0.201683611207802,0.760543738422359,0.22789643856169,-0.186382355875658,-0.00635598795388442,-0.185571394569881,-0.225492523088818,0.603724960208769,0.135890363709547,0.0024742529343951,1,-0.0259601244794999,0.210444549435665,0.0378708600424988,0.570615534514576,0.302342986590757,0.252734733854953,0.0664203000501584
"yoaJ",0.367184708696808,0.438121407282256,0.380529314453505,0.775523237679913,0.331405878062864,0.613781912927072,0.629648862596314,0.630401078190068,0.70040179290665,0.63331463222901,0.639163587423557,0.586103609570534,0.579130088227631,0.840298639796148,0.861516702376205,0.75771745761035,0.848594552815788,0.633031875988753,0.595320870824657,0.585484823489076,0.569742200618569,0.276823307797524,0.246564169175367,0.297933281588551,0.293233639896879,0.244020439710056,0.29910648599529,0.674423360016358,0.204375100648416,0.00312306256366038,0.141637731845845,0.786016925219688,0.74325970317963,0.584766727942631,0.545888921751501,0.745080325220935,-0.10739288428235,-0.32490129773564,0.750842737303503,-0.0259601244794999,1,0.606901471006199,0.655738639506422,-0.10750676592524,0.701433966105424,0.745790340362107,0.78578961430813
"yusU",0.236298970663611,0.347671904154412,0.264595345143021,0.715289458095872,0.267996651698425,0.720402977406359,0.73080088256413,0.64267318897678,0.638981235887998,0.4418831248191,0.500392348470885,0.429005752023333,0.417360662446524,0.795593568966843,0.788162442162971,0.789202036074651,0.800005911014186,0.695118845279253,0.678806487605466,0.681212372274155,0.623524743053592,0.314654099990691,0.283885479068991,0.369299852750047,0.322292610375261,0.236090002482915,0.417458610555545,0.60226555186797,0.296346590630487,0.294453157099952,0.256185102666896,0.695793686705895,0.58681217092718,0.371814755560678,0.497779054575104,0.557534551282905,-0.141413358827525,-0.367169205257167,0.715291634720498,0.210444549435665,0.606901471006199,1,0.64884968733418,-0.0780287562453629,0.720723039352163,0.69427309131503,0.746252298504118
"yusV",0.285161073045583,0.0883256894900556,0.286499847807122,0.806067765438189,0.191072660253068,0.559449525330688,0.598927220072247,0.611616475433976,0.63617401727667,0.621672634152823,0.480317039141676,0.335808224349942,0.344534365826899,0.68500176447739,0.713429712863672,0.820299221121987,0.671928556552633,0.511375626084298,0.498996373828214,0.500158315457341,0.5198045610254,0.0632786345064545,-0.0571404251847083,-0.0438282560506423,-0.028576733000644,-0.0259650092065952,0.0329565120479805,0.779181487404496,0.121946054515949,-0.0162615013042723,0.167929454152896,0.791328424855107,0.651093020138709,0.751341243603312,0.702478523239115,0.691010584052622,-0.125180368955942,0.129075901151666,0.798134767164777,0.0378708600424988,0.655738639506422,0.64884968733418,1,-0.150459992826794,0.692163133865739,0.692041680004386,0.830607380360384
"ywiE",0.0482557385823512,0.159805810936056,0.197016755890187,-0.0746539748511077,-0.368961482883777,-0.139445493137809,-0.234803904402741,-0.268200280081764,0.194429183655106,-0.359753454767291,-0.273264796824209,-0.00283834811142314,-0.0265361438394518,-0.14263463265378,-0.134535396976367,-0.120441787616766,-0.128593187825556,-0.278492469712021,-0.324753183019246,-0.350187231951181,-0.387278935266796,0.245657126412511,0.131169527593012,0.0770402605311964,0.0777760651811557,0.207430587023996,0.0667459889687959,-0.107359563758674,0.192508153440987,0.226283525510469,0.454403128305015,0.00656049772248222,-0.226160938733142,-0.191563952456591,-0.422066625067037,-0.263839235584254,0.820839350534224,0.274750751772628,-0.232033552879106,0.570615534514576,-0.10750676592524,-0.0780287562453629,-0.150459992826794,1,0.245263459182425,0.151960338473151,-0.122719624280575
"ywjA",0.448244282245891,0.378615256559691,0.474699240443786,0.81536344102959,0.247073489768051,0.627887073039163,0.643499755370451,0.598614916480387,0.705774990373726,0.506322401532015,0.499731250196829,0.535484647665477,0.497555065377396,0.80223919696459,0.791912644492869,0.79605141382625,0.806578648043924,0.610706566437407,0.576237988980629,0.559909877702098,0.513439413268389,0.236043192285473,0.206843156369048,0.259071761167883,0.239002104608111,0.207623856382668,0.265087425757563,0.763353008954219,0.36303072422916,0.123488305264067,0.429593232622548,0.839294783152237,0.624425295314756,0.574105970139211,0.459164168100543,0.617899042596466,0.200501220820728,-0.157208599914848,0.735933538826641,0.302342986590757,0.701433966105424,0.720723039352163,0.692163133865739,0.245263459182425,1,0.952004187957054,0.783606943003942
"ywjB",0.438281054549974,0.409144769085464,0.469300862205377,0.806626530029145,0.270340931217287,0.599620134631059,0.622374188480537,0.566726222584681,0.704920292810907,0.535010747400351,0.490261112372674,0.49859147948438,0.485318605206712,0.781000741454047,0.812512472332618,0.778694646917877,0.791802271675518,0.55732410773185,0.531336481306638,0.532710418501552,0.524560278976728,0.193295971355635,0.191635994683296,0.214501280473179,0.205778881042334,0.183878565984676,0.208107022642079,0.781994906869047,0.339918524330598,0.0963529721783798,0.398420555023177,0.821761402097835,0.645215026460597,0.638064003160966,0.479853467869455,0.628586667455381,0.164631919053217,-0.165454417248757,0.741195654172334,0.252734733854953,0.745790340362107,0.69427309131503,0.692041680004386,0.151960338473151,0.952004187957054,1,0.774748955284396
"yxeB",0.34611940050622,0.230642124874905,0.336894056861795,0.914797445243154,0.274322492389249,0.793484697306539,0.830528225812382,0.801374912902135,0.769010036145034,0.736551898011648,0.590873403889465,0.574144232789399,0.577959570970792,0.85256099017785,0.89276284348773,0.949583910780305,0.864317582407781,0.733364032811421,0.713113710730289,0.714878037871772,0.726271209936043,0.25862953419681,0.115748141342167,0.1752107570566,0.167826656661957,0.124629688834218,0.209769424609738,0.838574946041756,0.234692236603055,0.0281897766526849,0.283507795624944,0.89540953513753,0.774063486012871,0.72354588117173,0.731915932791719,0.770279729310177,-0.176038829036621,-0.203078165595992,0.895878805254989,0.0664203000501584,0.78578961430813,0.746252298504118,0.830607380360384,-0.122719624280575,0.783606943003942,0.774748955284396,1
