"","amhX","codY","bacG","bcaP","bkdR","clpQ","clpY","codV","dppA","dppB","dppC","dppD","dppE","ilvA","ilvD","ispA","mpr","nupN","nupO","nupP","nupQ","trmFO","ybfJ","ybgE","ycgA","ykfA","ykfB","ykfC","ykfD","ylmA","ypmP","yuiC","ywaA"
"amhX",1,-0.198657329985513,0.121534285314542,0.648289280409668,-0.268543272767941,-0.204734759839502,-0.232132498349564,-0.233309388359295,0.837731962259839,0.793540461805469,0.781485850971632,0.771512335354487,0.786337500257283,0.158747576564571,0.0219632687839878,0.570778498770713,0.442483305187876,0.75511954771841,0.728611890921789,0.713159327921542,0.714768008720404,-0.25749985521694,0.388630563859197,0.702740879864268,0.47285657433188,0.754060008543992,0.772405814670833,0.776260686397057,0.813533008720755,0.0261365330750055,0.281244603907288,0.414354455094838,-0.0933254425966525
"codY",-0.198657329985513,1,-0.52097551973747,-0.00689489011258255,-0.113652335250985,0.588533269998945,0.752284671382418,0.45916453101171,-0.103889660384034,-0.0642678859490909,-0.0482848689130306,-0.0122852869778011,-0.0177753424551496,-0.0835797514930426,-0.238486419972535,0.163635448745667,0.285155547915822,-0.12227573732162,-0.159222441876982,-0.158975275869074,-0.151047465786368,0.590311508653962,0.352585638547045,-0.0484878542423536,-0.233853484523098,0.0999593800942504,0.086982571192907,0.0761470793767869,0.0503701409726877,-0.207197407891927,0.114833817766598,0.444719921497446,-0.104068573640753
"bacG",0.121534285314542,-0.52097551973747,1,-0.269031345075928,0.0501829132809582,0.02243419600653,-0.0444660294004622,-0.00554812453039603,0.174781989133676,0.0878305356523863,0.0576471819397421,-0.00914048957219897,0.000884630992888897,0.492037169270024,0.605564732757536,-0.295082043917905,-0.415415298035072,0.00085640447783981,0.238520647243595,0.252277733459941,0.225281028869233,-0.642423741784968,-0.451998850430992,-0.34697357629078,0.509585419707043,-0.0928291547483983,-0.0953954490743611,-0.0709367688318293,0.0136005998103073,0.661271219078167,0.178620266637367,-0.512281170338478,0.519673720415551
"bcaP",0.648289280409668,-0.00689489011258255,-0.269031345075928,1,-0.0791673511725792,-0.291722674703686,-0.316995515125501,-0.251539147342091,0.478756616007544,0.441500217143208,0.427591854886332,0.432940391699233,0.443243466455307,0.0516919499207534,-0.0468036738902589,0.322588028250104,0.353746079778007,0.440090949737261,0.381191981454899,0.397522336089789,0.417176333346587,0.0871768160875815,0.342636926037485,0.800144693523663,0.297019617099199,0.446853270213423,0.456794249084224,0.462271147381221,0.451075713852029,-0.0836744282601096,0.0813551233118699,0.500620525418776,-0.107054206788523
"bkdR",-0.268543272767941,-0.113652335250985,0.0501829132809582,-0.0791673511725792,1,0.268387408539946,0.108119004413773,0.246954002956807,-0.594764334239804,-0.68261490678452,-0.701941690635808,-0.709767111210772,-0.691694717965593,0.102511334101044,0.354660032122183,-0.555602816795573,-0.638733669969526,-0.585975251070879,-0.411942376754538,-0.36249147459431,-0.402962691278463,4.63131566976798e-05,-0.625675686084247,-0.169272546571157,0.244226346570116,-0.693079729564607,-0.681336046449105,-0.688024561067337,-0.663381534976175,0.286404296259592,-0.35512910454817,-0.41634209658691,0.390926127956982
"clpQ",-0.204734759839502,0.588533269998945,0.02243419600653,-0.291722674703686,0.268387408539946,1,0.868274966434908,0.768263708690298,-0.230169635155692,-0.282431687870575,-0.290773861914975,-0.290226938222834,-0.294686216698861,0.261866033078939,0.236909724841295,-0.17378504619278,-0.0808483421240773,-0.261642187237355,-0.0802171532670507,-0.0849743091265816,-0.137740300901613,0.38401467771151,-0.0388790623954469,-0.297019609225884,0.0915210669729381,-0.159585873304314,-0.173174214958676,-0.192576773694859,-0.191138452503979,0.268436480698046,-0.00477627885634954,0.103262256043678,0.325228259672972
"clpY",-0.232132498349564,0.752284671382418,-0.0444660294004622,-0.316995515125501,0.108119004413773,0.868274966434908,1,0.653918742787301,-0.196304694272009,-0.207356201747042,-0.202630217586256,-0.191102466545368,-0.189775030998712,0.134979158308151,0.120888661510389,-0.0555271413448402,-0.00622445356776495,-0.242935374415443,-0.112806476395995,-0.119228218651198,-0.144517937146568,0.344931854467248,0.0380505012990388,-0.33434602806628,-0.0120176298201965,-0.0814829249940049,-0.095290319451875,-0.106833235191728,-0.104940723209542,0.13803386420615,0.062666550396123,0.10776637694332,0.21594669803915
"codV",-0.233309388359295,0.45916453101171,-0.00554812453039603,-0.251539147342091,0.246954002956807,0.768263708690298,0.653918742787301,1,-0.19508871590692,-0.251999648825648,-0.286902003395553,-0.303873567661033,-0.312255119619815,0.30289632424617,0.266990569836865,-0.306679294500375,-0.131779237153471,-0.234480962938118,-0.0226457924567404,-0.00846518716446439,-0.0667220804283836,0.413527620014829,-0.106495870991154,-0.336518585422713,0.0909096179216924,-0.197462223665979,-0.21606234231265,-0.229069621033945,-0.219618357233475,0.313802388631849,-0.0362628762984809,0.0440600988977211,0.337625986118509
"dppA",0.837731962259839,-0.103889660384034,0.174781989133676,0.478756616007544,-0.594764334239804,-0.230169635155692,-0.196304694272009,-0.19508871590692,1,0.977161870063897,0.957948229195626,0.938304448383465,0.940680947807041,0.209752781619324,-0.0722629531665692,0.60806437554505,0.554957728798204,0.836147151789141,0.766835720275488,0.724066967427543,0.709053752341112,-0.230492551536205,0.505947111642931,0.572518289230597,0.279005100345365,0.910298995035323,0.909957798448036,0.919358183417884,0.938335299058084,0.0303750814763026,0.417538264589824,0.488902751044884,-0.176977487826962
"dppB",0.793540461805469,-0.0642678859490909,0.0878305356523863,0.441500217143208,-0.68261490678452,-0.282431687870575,-0.207356201747042,-0.251999648825648,0.977161870063897,1,0.991930644948744,0.983280133531942,0.981989449079166,0.0735517589418084,-0.212351580669682,0.680768230609513,0.641133551333384,0.861856299798716,0.732549992407168,0.686701661035516,0.68843633556982,-0.191553371051848,0.595272549892954,0.558089733084166,0.146512330043415,0.950086400764142,0.949272210049347,0.958204007551736,0.966082076553279,-0.11011169027737,0.387489847965736,0.52359926948236,-0.300014836072612
"dppC",0.781485850971632,-0.0482848689130306,0.0576471819397421,0.427591854886332,-0.701941690635808,-0.290773861914975,-0.202630217586256,-0.286902003395553,0.957948229195626,0.991930644948744,1,0.993468586409675,0.99256277158625,0.0175734305191658,-0.252131035181493,0.714429258236481,0.668538789129185,0.862538300467034,0.718703347890824,0.672784081147333,0.683280696414593,-0.175706998390707,0.62444154566789,0.552568060556873,0.102603620263397,0.959264481243533,0.959458890469519,0.967995399974268,0.972488677431332,-0.168597372139394,0.366592880258061,0.529399158002532,-0.340100477661568
"dppD",0.771512335354487,-0.0122852869778011,-0.00914048957219897,0.432940391699233,-0.709767111210772,-0.290226938222834,-0.191102466545368,-0.303873567661033,0.938304448383465,0.983280133531942,0.993468586409675,1,0.996825039031895,-0.0383759131513109,-0.323882881226277,0.760467956233607,0.720260728292135,0.871963654473341,0.698506553722174,0.647486192774854,0.658738503607243,-0.124050600250125,0.676976997432749,0.582703981759252,0.0434540936512916,0.974330167092243,0.97575597629559,0.981036210059589,0.975114910209104,-0.240023971827758,0.34000206904391,0.572623528304683,-0.392871755318384
"dppE",0.786337500257283,-0.0177753424551496,0.000884630992888897,0.443243466455307,-0.691694717965593,-0.294686216698861,-0.189775030998712,-0.312255119619815,0.940680947807041,0.981989449079166,0.99256277158625,0.996825039031895,1,-0.0277022181486851,-0.307566988641823,0.758322972490557,0.707314411501093,0.865247842211464,0.693620696944991,0.641131109843862,0.653517369563927,-0.149546240309599,0.662602335647058,0.592416602068325,0.0640775025434741,0.969293040554522,0.972353733818806,0.979240859939691,0.975477055587784,-0.229444848361063,0.344442084670646,0.55905192403749,-0.386260085637971
"ilvA",0.158747576564571,-0.0835797514930426,0.492037169270024,0.0516919499207534,0.102511334101044,0.261866033078939,0.134979158308151,0.30289632424617,0.209752781619324,0.0735517589418084,0.0175734305191658,-0.0383759131513109,-0.0277022181486851,1,0.818634119646766,-0.330770451172176,-0.344190692528686,-0.110642966728242,0.186713572904361,0.201661137648695,0.142162471380448,-0.172774008024733,-0.3545650637759,-0.127560047142273,0.701329595294263,0.00368096778602384,-0.00888633092440437,0.0113168878598132,0.0737989977780526,0.799878867600369,0.559823113800797,-0.0410753660277114,0.766321334174672
"ilvD",0.0219632687839878,-0.238486419972535,0.605564732757536,-0.0468036738902589,0.354660032122183,0.236909724841295,0.120888661510389,0.266990569836865,-0.0722629531665692,-0.212351580669682,-0.252131035181493,-0.323882881226277,-0.307566988641823,0.818634119646766,1,-0.579111075633519,-0.647191473297782,-0.296158854114322,0.108932431188349,0.170547724714568,0.129399113079138,-0.372091652979281,-0.656596377044704,-0.37012495076373,0.761686230607077,-0.31118317507192,-0.314191472029343,-0.293212338617561,-0.201517776943632,0.868561299815419,0.269550252654206,-0.435118285851213,0.871845996460242
"ispA",0.570778498770713,0.163635448745667,-0.295082043917905,0.322588028250104,-0.555602816795573,-0.17378504619278,-0.0555271413448402,-0.306679294500375,0.60806437554505,0.680768230609513,0.714429258236481,0.760467956233607,0.758322972490557,-0.330770451172176,-0.579111075633519,1,0.808782257062507,0.650592607672163,0.386412045832126,0.325183309206219,0.356910601279592,0.0834646351675284,0.782629606020866,0.640471956829643,-0.273776635671557,0.769212988018382,0.780623202245273,0.767125457895041,0.719548064299174,-0.577337323732665,0.191463935041745,0.608774712387132,-0.633641217298617
"mpr",0.442483305187876,0.285155547915822,-0.415415298035072,0.353746079778007,-0.638733669969526,-0.0808483421240773,-0.00622445356776495,-0.131779237153471,0.554957728798204,0.641133551333384,0.668538789129185,0.720260728292135,0.707314411501093,-0.344190692528686,-0.647191473297782,0.808782257062507,1,0.665072091474665,0.389592714278233,0.319136262970054,0.357951611495189,0.386608456464461,0.986523071630799,0.607143197456418,-0.418917061194197,0.776252942690656,0.772637143346967,0.755661098493608,0.679980177828189,-0.562335943285674,0.114359782330117,0.803807776460882,-0.674998426092986
"nupN",0.75511954771841,-0.12227573732162,0.00085640447783981,0.440090949737261,-0.585975251070879,-0.261642187237355,-0.242935374415443,-0.234480962938118,0.836147151789141,0.861856299798716,0.862538300467034,0.871963654473341,0.865247842211464,-0.110642966728242,-0.296158854114322,0.650592607672163,0.665072091474665,1,0.884684142438687,0.833982888348106,0.838120660791016,-0.0288330012937746,0.61898404013362,0.555473415130775,0.0158156479138406,0.865719431289037,0.869367538969273,0.871232666470356,0.858653014280745,-0.251275697269484,0.157911759411461,0.4663741399107,-0.418547097741307
"nupO",0.728611890921789,-0.159222441876982,0.238520647243595,0.381191981454899,-0.411942376754538,-0.0802171532670507,-0.112806476395995,-0.0226457924567404,0.766835720275488,0.732549992407168,0.718703347890824,0.698506553722174,0.693620696944991,0.186713572904361,0.108932431188349,0.386412045832126,0.389592714278233,0.884684142438687,1,0.979537091515975,0.960200764851834,-0.0885724065662113,0.340764419892876,0.337903453861221,0.307382669529136,0.714620771595441,0.717036617807903,0.723051124071305,0.751999527461386,0.0951626401692602,0.205111218889067,0.25927643974527,-0.0749182198100148
"nupP",0.713159327921542,-0.158975275869074,0.252277733459941,0.397522336089789,-0.36249147459431,-0.0849743091265816,-0.119228218651198,-0.00846518716446439,0.724066967427543,0.686701661035516,0.672784081147333,0.647486192774854,0.641131109843862,0.201661137648695,0.170547724714568,0.325183309206219,0.319136262970054,0.833982888348106,0.979537091515975,1,0.982470151125508,-0.122990076750917,0.273918957492935,0.289641800416003,0.380407814011859,0.65840753717751,0.662446583712006,0.67241238810272,0.718520846089045,0.130761831791855,0.220895932299356,0.19668438579712,-0.0205991516940986
"nupQ",0.714768008720404,-0.151047465786368,0.225281028869233,0.417176333346587,-0.402962691278463,-0.137740300901613,-0.144517937146568,-0.0667220804283836,0.709053752341112,0.68843633556982,0.683280696414593,0.658738503607243,0.653517369563927,0.142162471380448,0.129399113079138,0.356910601279592,0.357951611495189,0.838120660791016,0.960200764851834,0.982470151125508,1,-0.126273257876418,0.316193407906448,0.299067377261197,0.349891009028952,0.662719278338609,0.666017549616867,0.678455857440857,0.725033409983334,0.0814246565707897,0.202616467753341,0.203642310531685,-0.063621919918439
"trmFO",-0.25749985521694,0.590311508653962,-0.642423741784968,0.0871768160875815,4.63131566976798e-05,0.38401467771151,0.344931854467248,0.413527620014829,-0.230492551536205,-0.191553371051848,-0.175706998390707,-0.124050600250125,-0.149546240309599,-0.172774008024733,-0.372091652979281,0.0834646351675284,0.386608456464461,-0.0288330012937746,-0.0885724065662113,-0.122990076750917,-0.126273257876418,1,0.430069366409138,0.129853180757592,-0.478252222002734,0.0153668875759268,0.000810603536016898,-0.0297641102810046,-0.11366487439661,-0.347736201244025,-0.0918062957702621,0.559974462412357,-0.248836142497826
"ybfJ",0.388630563859197,0.352585638547045,-0.451998850430992,0.342636926037485,-0.625675686084247,-0.0388790623954469,0.0380505012990388,-0.106495870991154,0.505947111642931,0.595272549892954,0.62444154566789,0.676976997432749,0.662602335647058,-0.3545650637759,-0.656596377044704,0.782629606020866,0.986523071630799,0.61898404013362,0.340764419892876,0.273918957492935,0.316193407906448,0.430069366409138,1,0.576299226528789,-0.43982126886245,0.736647941238359,0.731906561570443,0.714898611892691,0.637517736597868,-0.562670280224138,0.102386551700999,0.814495568133162,-0.667963584380701
"ybgE",0.702740879864268,-0.0484878542423536,-0.34697357629078,0.800144693523663,-0.169272546571157,-0.297019609225884,-0.33434602806628,-0.336518585422713,0.572518289230597,0.558089733084166,0.552568060556873,0.582703981759252,0.592416602068325,-0.127560047142273,-0.37012495076373,0.640471956829643,0.607143197456418,0.555473415130775,0.337903453861221,0.289641800416003,0.299067377261197,0.129853180757592,0.576299226528789,1,0.0120482873787215,0.591835718842763,0.606619172190759,0.59515375896488,0.549135279343938,-0.32888305232457,0.0918384949811296,0.654008372907227,-0.416550447229445
"ycgA",0.47285657433188,-0.233853484523098,0.509585419707043,0.297019617099199,0.244226346570116,0.0915210669729381,-0.0120176298201965,0.0909096179216924,0.279005100345365,0.146512330043415,0.102603620263397,0.0434540936512916,0.0640775025434741,0.701329595294263,0.761686230607077,-0.273776635671557,-0.418917061194197,0.0158156479138406,0.307382669529136,0.380407814011859,0.349891009028952,-0.478252222002734,-0.43982126886245,0.0120482873787215,1,0.0331600063919097,0.0429354556182106,0.0656045042760957,0.17296748048063,0.7538117029732,0.328849781275358,-0.222600651218482,0.740849156079981
"ykfA",0.754060008543992,0.0999593800942504,-0.0928291547483983,0.446853270213423,-0.693079729564607,-0.159585873304314,-0.0814829249940049,-0.197462223665979,0.910298995035323,0.950086400764142,0.959264481243533,0.974330167092243,0.969293040554522,0.00368096778602384,-0.31118317507192,0.769212988018382,0.776252942690656,0.865719431289037,0.714620771595441,0.65840753717751,0.662719278338609,0.0153668875759268,0.736647941238359,0.591835718842763,0.0331600063919097,1,0.99686229431457,0.994242184108722,0.976647335125785,-0.231675420354089,0.331677433437292,0.665149469233569,-0.364137317826333
"ykfB",0.772405814670833,0.086982571192907,-0.0953954490743611,0.456794249084224,-0.681336046449105,-0.173174214958676,-0.095290319451875,-0.21606234231265,0.909957798448036,0.949272210049347,0.959458890469519,0.97575597629559,0.972353733818806,-0.00888633092440437,-0.314191472029343,0.780623202245273,0.772637143346967,0.869367538969273,0.717036617807903,0.662446583712006,0.666017549616867,0.000810603536016898,0.731906561570443,0.606619172190759,0.0429354556182106,0.99686229431457,1,0.995852034994165,0.979628020559434,-0.245166315431885,0.323954197600968,0.659112241038296,-0.371219155328044
"ykfC",0.776260686397057,0.0761470793767869,-0.0709367688318293,0.462271147381221,-0.688024561067337,-0.192576773694859,-0.106833235191728,-0.229069621033945,0.919358183417884,0.958204007551736,0.967995399974268,0.981036210059589,0.979240859939691,0.0113168878598132,-0.293212338617561,0.767125457895041,0.755661098493608,0.871232666470356,0.723051124071305,0.67241238810272,0.678455857440857,-0.0297641102810046,0.714898611892691,0.59515375896488,0.0656045042760957,0.994242184108722,0.995852034994165,1,0.985459059041211,-0.225565937543248,0.34344040453901,0.639686652628634,-0.358748508860654
"ykfD",0.813533008720755,0.0503701409726877,0.0136005998103073,0.451075713852029,-0.663381534976175,-0.191138452503979,-0.104940723209542,-0.219618357233475,0.938335299058084,0.966082076553279,0.972488677431332,0.975114910209104,0.975477055587784,0.0737989977780526,-0.201517776943632,0.719548064299174,0.679980177828189,0.858653014280745,0.751999527461386,0.718520846089045,0.725033409983334,-0.11366487439661,0.637517736597868,0.549135279343938,0.17296748048063,0.976647335125785,0.979628020559434,0.985459059041211,1,-0.13976905924226,0.391873908253024,0.569064124170546,-0.280578640165013
"ylmA",0.0261365330750055,-0.207197407891927,0.661271219078167,-0.0836744282601096,0.286404296259592,0.268436480698046,0.13803386420615,0.313802388631849,0.0303750814763026,-0.11011169027737,-0.168597372139394,-0.240023971827758,-0.229444848361063,0.799878867600369,0.868561299815419,-0.577337323732665,-0.562335943285674,-0.251275697269484,0.0951626401692602,0.130761831791855,0.0814246565707897,-0.347736201244025,-0.562670280224138,-0.32888305232457,0.7538117029732,-0.231675420354089,-0.245166315431885,-0.225565937543248,-0.13976905924226,1,0.274153315079585,-0.347200618435384,0.865826994062905
"ypmP",0.281244603907288,0.114833817766598,0.178620266637367,0.0813551233118699,-0.35512910454817,-0.00477627885634954,0.062666550396123,-0.0362628762984809,0.417538264589824,0.387489847965736,0.366592880258061,0.34000206904391,0.344442084670646,0.559823113800797,0.269550252654206,0.191463935041745,0.114359782330117,0.157911759411461,0.205111218889067,0.220895932299356,0.202616467753341,-0.0918062957702621,0.102386551700999,0.0918384949811296,0.328849781275358,0.331677433437292,0.323954197600968,0.34344040453901,0.391873908253024,0.274153315079585,1,0.269717811740699,0.183583469986894
"yuiC",0.414354455094838,0.444719921497446,-0.512281170338478,0.500620525418776,-0.41634209658691,0.103262256043678,0.10776637694332,0.0440600988977211,0.488902751044884,0.52359926948236,0.529399158002532,0.572623528304683,0.55905192403749,-0.0410753660277114,-0.435118285851213,0.608774712387132,0.803807776460882,0.4663741399107,0.25927643974527,0.19668438579712,0.203642310531685,0.559974462412357,0.814495568133162,0.654008372907227,-0.222600651218482,0.665149469233569,0.659112241038296,0.639686652628634,0.569064124170546,-0.347200618435384,0.269717811740699,1,-0.399864017842791
"ywaA",-0.0933254425966525,-0.104068573640753,0.519673720415551,-0.107054206788523,0.390926127956982,0.325228259672972,0.21594669803915,0.337625986118509,-0.176977487826962,-0.300014836072612,-0.340100477661568,-0.392871755318384,-0.386260085637971,0.766321334174672,0.871845996460242,-0.633641217298617,-0.674998426092986,-0.418547097741307,-0.0749182198100148,-0.0205991516940986,-0.063621919918439,-0.248836142497826,-0.667963584380701,-0.416550447229445,0.740849156079981,-0.364137317826333,-0.371219155328044,-0.358748508860654,-0.280578640165013,0.865826994062905,0.183583469986894,-0.399864017842791,1
