"","abn2","acoR","acuA","acuB","acuC","amyC","amyD","bglH","bglP","bglS","cimH","crh","csbX","cstA","dctP","dprA","drm","galK","galT","glmR","hbuT","ldt","melA","mmgA","mmgB","mmgC","mmgD","mmgE","mmgF","msmE","msmR","msmX","mtlR","odhA","odhB","pupG","rsbR","rsbS","rsbT","rsbU","rsbV","rsbX","sacA","sacP","scoA","scoB","sspH","sucC","sucD","topA","whiA","yesL","yesM","yesN","yhaR","ylbP","yopL","ypiF","ysfE","yvcI","yvcJ","yvcN","ywdA","yxiE","yxjF","yxkF","ccpA"
"abn2",1,0.50355280605849,0.627769173249707,0.580832049274656,0.342059857356861,0.281011470033723,0.366248116786575,-0.0512142926254462,-0.135241009311985,0.578163185173496,-0.00726768030286208,-0.0906245213957449,0.22094665269468,0.55320147517552,-0.131007166597161,0.0193466333042623,-0.105135127782359,0.112348407219083,0.196058139611238,-0.120779333741806,0.188605024084119,0.071160723788018,0.252122162322996,0.195400115435233,0.201567728437253,0.198730902927733,0.186185676409385,0.182377127507409,0.166599741689944,0.336627156738753,-0.00666384732748131,0.405283026141381,0.418189806015829,-0.059229273004908,-0.0104446040833562,-0.11901787273701,-0.0246931322938268,-0.108923882272618,-0.107003421324676,-0.121899751302968,-0.132539846096241,-0.134161284232896,-0.107366760003739,-0.144695393008355,0.11082744567051,0.11964131487575,0.351557714072741,-0.10566500096914,-0.108706055339008,-0.012459542790788,-0.10646841595467,0.686958851906685,0.705818295738382,0.70844506434561,0.741786530569239,0.639097627696979,-0.147085643760525,0.512048875193031,0.631903790584435,0.0185180462387528,-0.0640312236196341,-0.0102091391453818,0.193671277316302,0.125444598927868,0.118577497124808,0.278633916714612,-0.0454133685223042
"acoR",0.50355280605849,1,0.770326776268455,0.755102319629276,0.402724444261383,0.56833358842921,0.696788434479166,0.45242197730862,0.322836411282989,0.716943588405654,0.049352532104772,0.287913487948166,0.464880547561738,0.913376478828987,0.196921239768129,-0.423292377279776,0.305948204906233,0.153943273530287,0.293366314113282,0.222525819555399,0.0774362255311713,0.164659566224087,0.61244518937238,0.0267997203022331,0.0564569874476967,0.0378409801557765,0.045361846676484,0.0554448136694842,0.127575755183384,0.688627595700458,0.466686215560056,0.749752641685024,0.669103619527657,-0.0430115726182925,0.0707980802807044,0.273161239230778,0.158890578823634,0.0315928047721482,0.0265260124102991,-0.0524791569602852,0.0142085347318174,0.0223276982599959,0.264859926048905,0.154860754805405,-0.0106405223133049,0.0139010821040509,0.472081166165604,-0.254507450179711,-0.251729390030721,-0.333435428227861,0.239019001454582,0.815080059739612,0.793544579842362,0.687882644595698,0.833120263413755,0.722516411470605,-0.351928754340407,0.083947888132879,0.82252052618158,0.482607059445933,0.332368807623928,0.372030797825722,0.392333425048315,0.309960233344304,0.0518037795198277,0.500127449120585,0.31101763056403
"acuA",0.627769173249707,0.770326776268455,1,0.964057728810082,0.726324573832055,0.388222382708777,0.525742881094454,0.36625762141539,0.291321718790766,0.640543527939152,0.370699875267944,0.326154256447754,0.593441142637385,0.738311233339338,0.203080327902027,-0.0989067476022765,0.120926272686072,0.388688112673278,0.454447181747005,0.331836496689374,-0.250192733607461,-0.0822459055485112,0.387991638481284,-0.263332354075864,-0.252523406294705,-0.253652225588482,-0.260320724957777,-0.251911914533175,-0.207156736590026,0.484426885633556,0.331672178836741,0.597704309002276,0.52607485040573,0.199852011405587,0.303003861249947,0.0806935378123633,0.343972472899926,0.226248821515073,0.229042448330239,0.195094060373846,0.141198617570973,0.148721749700594,0.242669839678752,0.155440681822481,-0.333157878556224,-0.32453202432245,0.169404988915126,0.064016796435966,0.0710351462294192,-0.021640653438563,0.3185804684941,0.65735069033236,0.591335502944807,0.494399587337741,0.75069396101706,0.773110096467432,-0.116972961274533,0.318789263676795,0.697210871533158,0.528609741113953,0.394057372413583,0.391373123559027,0.247284568496588,0.460602706337729,-0.30335450916874,0.66396627685754,0.180036477152553
"acuB",0.580832049274656,0.755102319629276,0.964057728810082,1,0.793300735531966,0.327869274834965,0.474102274237134,0.404544100184483,0.3282379710626,0.701928912972121,0.414006816710024,0.486972180023125,0.694636238126906,0.723611701946996,0.278616525885226,-0.113545815610274,0.227996571234987,0.489237244996805,0.586798130498427,0.487823095631637,-0.320614882448165,-0.088145700407883,0.347651671692782,-0.351049541946791,-0.338201650922579,-0.340236331682101,-0.345173158999074,-0.336693173224498,-0.276296738292358,0.421435803952781,0.356587488087169,0.594292743575188,0.608705123929971,0.246268203614733,0.358467789760552,0.232318199468278,0.376372809947195,0.298721072668696,0.316668433211497,0.289195573774855,0.248793861631289,0.280799387441596,0.330082190331902,0.249548343594722,-0.403252784015596,-0.394191065117318,0.119427245527443,0.107815474503347,0.141417569704062,0.0432254923110134,0.474795532639965,0.625398714603366,0.536859755222694,0.471840738945756,0.764618963914975,0.702175938010887,-0.12257308592505,0.254977997248093,0.718651118550988,0.617732455258475,0.546879265652591,0.550359620889206,0.330610298805059,0.552763414011702,-0.365110106912285,0.701414576049052,0.253385687730966
"acuC",0.342059857356861,0.402724444261383,0.726324573832055,0.793300735531966,1,-0.0330697657954526,0.110104590406878,0.399953416796244,0.329680865696302,0.544023156397746,0.682763405590916,0.584991474456739,0.778916444910099,0.430571928289706,0.38442801376508,0.240056792458652,0.337844864028682,0.839558884068325,0.821479106367318,0.602385684764471,-0.576102640346066,-0.571414188477117,-0.0295868008205689,-0.644891562292687,-0.648202451031395,-0.631649168480742,-0.648702401670627,-0.644586028864464,-0.609390070034685,0.078407675646104,0.252875326002535,0.271613520002697,0.399183191183337,0.700256247777642,0.783068349575192,0.310511021655177,0.617232106912511,0.635560437678701,0.644345736313628,0.690017059611938,0.482947316102124,0.544648063716336,0.457826749788266,0.417244200184967,-0.644092905697626,-0.658534644477411,-0.259431526194098,0.565866830437021,0.585340911498808,0.557469224866549,0.591411692816047,0.276734602045061,0.152868051212095,0.16592424955084,0.439041639806181,0.4584248221293,0.247096662343111,0.323446196262325,0.449740954509577,0.550743824153311,0.605153376618451,0.550644830830799,0.264678344579189,0.581574153878529,-0.651474463493019,0.858830213920809,0.277173068366767
"amyC",0.281011470033723,0.56833358842921,0.388222382708777,0.327869274834965,-0.0330697657954526,1,0.92562211885693,0.215369276136433,0.163201307928251,0.166799164257746,-0.117285424082562,-0.065245480540668,0.13495334619717,0.531669852663608,-0.152429502636329,-0.262287997871138,0.092996472248829,-0.174423910218888,-0.111716573646362,-0.0634965962470599,0.322383532427927,0.26471592256541,0.967441528714763,0.272101835656505,0.299894057398806,0.275836712931361,0.285839790664551,0.288740595814479,0.348076889144347,0.882299124729799,0.524642127597052,0.568308184110014,0.0852617727855776,-0.259382554167858,-0.242165099032603,-0.0349557231715552,-0.221303872938438,-0.311390775161047,-0.324295804433444,-0.389851810728862,-0.239177947495299,-0.327151779400633,-0.0342498700358885,-0.107463403479978,0.280794970901042,0.29000575531499,0.538915285498201,-0.268128996016407,-0.26595871297788,-0.504541582422034,-0.0674421160940637,0.593445001061706,0.586511607758308,0.465783758331586,0.456594287368486,0.49268025869394,-0.282625885327573,0.214776769004703,0.396487521706359,0.156517773089721,0.0191722549157022,-0.0141584183084115,-0.128196954609066,0.252756729628461,0.298189894300698,0.153332779894613,-0.110242896422221
"amyD",0.366248116786575,0.696788434479166,0.525742881094454,0.474102274237134,0.110104590406878,0.92562211885693,1,0.370576690436102,0.311253993377381,0.284602731594813,-0.0203737673554668,0.0534100537183231,0.263255330138835,0.709590250929432,0.0787731076143972,-0.201987823895703,0.177599732644476,-0.00576695353397071,0.0638073498555811,0.0617291531971658,0.149416655104549,0.165092198673163,0.895417922834879,0.0658134752574111,0.0989188533517707,0.0669570072858406,0.0810220553414459,0.0849713624056215,0.146346059001295,0.97863667624773,0.713384962843578,0.675363771519422,0.275382185279442,-0.0958514500426808,-0.0771993590573497,0.0426494309562044,-0.0214963386638273,-0.149385130272808,-0.138022272483668,-0.222872883107272,-0.206955804767391,-0.285882764329151,0.211036329567578,0.133238853741924,0.0734426382453214,0.0884457271874561,0.41177912060858,-0.132526429926096,-0.129061191452948,-0.451099989690947,0.0594120016770058,0.719151864418542,0.69299963880815,0.540946398736419,0.546991063501961,0.522636000532919,-0.137390331601402,0.299471360630927,0.585650578062246,0.320872234580252,0.151471268593807,0.101808168526969,0.0356545022134577,0.2940290541208,0.10393209792038,0.334286463805872,0.151900896375403
"bglH",-0.0512142926254462,0.45242197730862,0.36625762141539,0.404544100184483,0.399953416796244,0.215369276136433,0.370576690436102,1,0.966039951836529,0.304049569439653,0.616823435792905,0.350358382854103,0.470456080743928,0.436457546508354,0.592229114388469,-0.113983210026696,0.209655642949199,0.4386714745604,0.486973366009662,0.45249802496346,-0.445093845646111,-0.375368831031958,0.231812079935424,-0.51121499853727,-0.485486997771755,-0.494989818243325,-0.480645135368699,-0.470614682179905,-0.450385270491088,0.356001771685744,0.527639206521898,0.580627564997656,0.509328595076373,0.355270355092065,0.429240367590652,0.149605027140064,0.462579043838327,0.467597183544242,0.461581844171227,0.381478374723051,0.506445898348774,0.406425596681988,0.749098289441484,0.677699426321344,-0.489040627320501,-0.465813077220586,-0.217824811522073,0.142411523584526,0.211313057232892,-0.0398798083125424,0.375635634339801,0.241842684128395,0.0553999858622869,-0.0946977560378309,0.235449124134196,0.340052036073604,-0.00987256155821122,-0.0414649665256033,0.345523896978434,0.515124092487368,0.483875230798884,0.331911143719533,0.380793943455104,0.577271308865451,-0.453850263229244,0.497304293162682,0.268992919903632
"bglP",-0.135241009311985,0.322836411282989,0.291321718790766,0.3282379710626,0.329680865696302,0.163201307928251,0.311253993377381,0.966039951836529,1,0.183759160088646,0.659173830635956,0.333436460657333,0.410081918392347,0.29752405044287,0.592102050722756,-0.0952314987584675,0.11383377641287,0.411100734579556,0.454821674507323,0.465619300085619,-0.489042253552568,-0.343598711265253,0.166043582548555,-0.5468952519414,-0.52502089137182,-0.535550828822893,-0.520070692090023,-0.511134237941419,-0.501549751065529,0.300033580534613,0.524637602607661,0.536735078940521,0.413576107292266,0.33094679622613,0.384294561963687,0.0653507445646872,0.467097418551564,0.47559965219815,0.483210675684113,0.397501428079547,0.549343701727134,0.437105603644579,0.721368002393302,0.674776527081165,-0.522341495374608,-0.500509589899992,-0.311653969131695,0.152501850645122,0.230376278736234,-0.0609533147052051,0.37451120051842,0.149592435862023,-0.0565795901244292,-0.218811094124035,0.105575847098694,0.253504205739675,0.025380944861613,-0.0906612905183685,0.22081897234799,0.510220984172123,0.473821250113227,0.308373261173032,0.321855318396406,0.557341750181318,-0.492640875016374,0.42376926021257,0.207176375289819
"bglS",0.578163185173496,0.716943588405654,0.640543527939152,0.701928912972121,0.544023156397746,0.166799164257746,0.284602731594813,0.304049569439653,0.183759160088646,1,0.216447124397335,0.425150680699902,0.417515584764857,0.633840918996207,0.237324733449665,-0.387325647109194,0.269695335329001,0.347170593475833,0.526858232682045,0.345353080886029,-0.103360259583217,0.058780918210652,0.26505652202879,-0.0928134222221527,-0.0764542826968839,-0.07754577926104,-0.0803393816843579,-0.072838782019947,-0.0330531997043036,0.244439694245971,0.187603388458937,0.536519455746352,0.748394976720735,0.0676214232985803,0.216209242652017,0.393400432782389,0.21509149453286,0.18128600181768,0.188050750617915,0.182721912970139,0.288860012550783,0.329605679703945,0.298244003806645,0.241040749971573,-0.153586207221316,-0.126656252757393,0.308744761886458,-0.170360564749954,-0.132612613766188,0.0181774820430191,0.367112069076107,0.599990523608369,0.549183869199927,0.56453349327641,0.788442143373275,0.552251448285043,-0.433698461607941,-0.0776527801519318,0.706651089501218,0.409568335762054,0.411546021140938,0.500871010303369,0.682396827432144,0.369656023539422,-0.0961660853549545,0.430596746342501,0.330901513839331
"cimH",-0.00726768030286208,0.049352532104772,0.370699875267944,0.414006816710024,0.682763405590916,-0.117285424082562,-0.0203737673554668,0.616823435792905,0.659173830635956,0.216447124397335,1,0.45668568060182,0.550064590037354,0.0148935046455305,0.463554924539914,0.184713989480852,-0.0231130160409996,0.706191773389721,0.661194748803708,0.583293775202353,-0.725618395132617,-0.640388609091314,-0.132951743091613,-0.725611183969141,-0.731027984976331,-0.71579629007019,-0.721711780734902,-0.711430135367246,-0.720554490988423,-0.0377277187677363,0.251224288400483,0.280977567921204,0.207806139727926,0.613534476988796,0.665495542884568,-0.0430191641335018,0.614672328462731,0.690784060405605,0.687028037543556,0.699739073519167,0.72088862599327,0.66579677808922,0.459719506917895,0.44769609224543,-0.722153569816163,-0.727528826614744,-0.524862919918775,0.476402269730555,0.532807816695619,0.355408394260197,0.502841965627546,-0.0157805681091451,-0.244012681811081,-0.337781350080937,0.0473403337282879,0.283828438270094,0.243510823734482,0.115855327284489,0.00980545145929955,0.440145708647594,0.530942599755537,0.399183423587043,0.127026964423454,0.636990901704379,-0.745094618525006,0.610157749858745,0.0253736779777911
"crh",-0.0906245213957449,0.287913487948166,0.326154256447754,0.486972180023125,0.584991474456739,-0.065245480540668,0.0534100537183231,0.350358382854103,0.333436460657333,0.425150680699902,0.45668568060182,1,0.594712137005806,0.195471157569646,0.507414176889665,-0.111877435008794,0.630973878879946,0.668954942168447,0.759336064400604,0.956257620648576,-0.605577347441121,-0.184238336878928,0.00179151511223559,-0.646300213730438,-0.634462519677369,-0.640669795319491,-0.640372558790235,-0.636529799836524,-0.545890498824312,0.0445687582357512,0.446797699563169,0.241302398243425,0.451970397323882,0.403585488495995,0.452091152546292,0.747269622700763,0.605603266073792,0.674428472882704,0.715026068721229,0.711740818282766,0.495161186304833,0.623126278643141,0.469491771121442,0.454428922044777,-0.623787128536596,-0.611851198437598,-0.269686439245559,0.318217691109413,0.387490733719879,0.230087864513809,0.969753542475389,0.151748586774197,0.0258494665324504,0.0141187701350886,0.220715149067986,-0.0264584179801627,0.0619852927533582,-0.133086035155084,0.266152586387964,0.820035295377857,0.950094503187916,0.958078320415475,0.415032583967492,0.519003551304626,-0.574283832611049,0.576439693361673,0.511110547710042
"csbX",0.22094665269468,0.464880547561738,0.593441142637385,0.694636238126906,0.778916444910099,0.13495334619717,0.263255330138835,0.470456080743928,0.410081918392347,0.417515584764857,0.550064590037354,0.594712137005806,1,0.509283994488036,0.372376100224978,0.225653457671543,0.384713333622114,0.722797104283346,0.755766539536509,0.644409854979345,-0.42382426253404,-0.405548754399783,0.121177072026856,-0.546480560482411,-0.534115767717972,-0.53620593671838,-0.539679066893103,-0.53686109146236,-0.476447278111423,0.228569745667532,0.384611035885009,0.409898584783604,0.534066167851749,0.515842871658649,0.571623190372605,0.333152555853531,0.462060219924231,0.471269683837496,0.512206041338326,0.512224963181133,0.47574571948972,0.539377655943448,0.487775204639015,0.408590309934249,-0.495655291464365,-0.510907927952754,-0.197455198236739,0.418629997366625,0.472513179415649,0.330151131607834,0.620306622015806,0.415954084502746,0.293890115331699,0.2910998024026,0.455558771262172,0.343244282653902,0.134227060725697,0.292551417661945,0.477229689254105,0.610827649638455,0.637562808986595,0.575243716420068,0.198321731386913,0.621185537776496,-0.491844709739497,0.766844315523736,0.228551454297575
"cstA",0.55320147517552,0.913376478828987,0.738311233339338,0.723611701946996,0.430571928289706,0.531669852663608,0.709590250929432,0.436457546508354,0.29752405044287,0.633840918996207,0.0148935046455305,0.195471157569646,0.509283994488036,1,0.275457442103057,-0.189737594384847,0.3577596522961,0.240487875513949,0.346583123697843,0.162406588741476,0.0678650867425726,0.0358441792840469,0.535468832373717,-0.0427187531304244,-0.013203983960409,-0.0348861150918758,-0.0271797004374757,-0.0237004081108525,0.0328982799344358,0.699327483078033,0.519052357111113,0.685737119274954,0.631903427120147,0.137543443868329,0.219836238751474,0.265048881791923,0.174586502822399,0.0218836857847006,0.0430070446750851,-0.0117815883566482,-0.0926896027996451,-0.100035692734016,0.392073769951551,0.294713636775719,-0.0505333646721374,-0.0349168285203002,0.387402805783553,-0.044314604602788,-0.0494394348279142,-0.201326681158856,0.177883527749859,0.848846958047114,0.816107419551042,0.724348983165044,0.795460487698951,0.61950717793497,-0.135082476326025,0.311083722626205,0.891593882817369,0.424684502452125,0.257290167576896,0.26905544274917,0.337326183692188,0.256722269080796,-0.00157086905823712,0.562708469627771,0.386597547948354
"dctP",-0.131007166597161,0.196921239768129,0.203080327902027,0.278616525885226,0.38442801376508,-0.152429502636329,0.0787731076143972,0.592229114388469,0.592102050722756,0.237324733449665,0.463554924539914,0.507414176889665,0.372376100224978,0.275457442103057,1,0.118814498415371,0.29930574206589,0.564935448065648,0.602661182585537,0.555112180878917,-0.690333390609098,-0.33077782964235,-0.135822425460312,-0.721696045693947,-0.71424941791393,-0.728971623416331,-0.715813258148416,-0.711613932790321,-0.678767458539367,0.0928998996008333,0.553969321884882,0.329416576287409,0.435441092715318,0.541547440531378,0.556378509188388,0.337998056472169,0.584100194347525,0.612581288444912,0.61869309943691,0.592597999638075,0.340748130088917,0.360667115164215,0.720790574482931,0.74202726894008,-0.716598920043203,-0.705017940640735,-0.363829251343361,0.450180742747837,0.496297304329029,0.168117513229053,0.529413277182816,0.102234295649598,-0.0314807269824237,-0.154400220991686,0.0428457646070276,-0.0745930125227026,0.314890426848312,0.0297651651655926,0.345871337101996,0.529098468418759,0.560023291933457,0.464129807232439,0.495895818952001,0.23362429124109,-0.681070133534418,0.474572626196066,0.694352809609271
"dprA",0.0193466333042623,-0.423292377279776,-0.0989067476022765,-0.113545815610274,0.240056792458652,-0.262287997871138,-0.201987823895703,-0.113983210026696,-0.0952314987584675,-0.387325647109194,0.184713989480852,-0.111877435008794,0.225653457671543,-0.189737594384847,0.118814498415371,1,-0.073459882134195,0.367251461249961,0.185829195474335,-0.0300563041675239,-0.269540786631918,-0.592210649447281,-0.398048772085211,-0.337395040918729,-0.359302364199147,-0.343877810421114,-0.366929171694878,-0.379887279665495,-0.432969784300088,-0.197585870036363,-0.0399367540984971,-0.397753453030846,-0.208673858740991,0.560216838720569,0.463750116103634,-0.219835830653924,0.253480547510264,0.252693070534341,0.301643807436923,0.364612883874095,-0.0165635804079268,0.0253805093850727,0.0682410478420941,0.113619202682096,-0.307075275928891,-0.349648517061653,-0.514804710980222,0.755658903505831,0.732473596151248,0.70880275950409,-0.0447298942381295,-0.232253502159934,-0.228954311098494,-0.173451253072572,-0.357996153985751,-0.213455670058618,0.749199715081608,0.585761656955091,-0.155151048910067,-0.162174025552153,-0.102144090534326,-0.232920517955066,-0.321268272986477,-0.1096112747573,-0.393532729321037,0.262114066571238,-0.0198926156596946
"drm",-0.105135127782359,0.305948204906233,0.120926272686072,0.227996571234987,0.337844864028682,0.092996472248829,0.177599732644476,0.209655642949199,0.11383377641287,0.269695335329001,-0.0231130160409996,0.630973878879946,0.384713333622114,0.3577596522961,0.29930574206589,-0.073459882134195,1,0.474973269883408,0.498263153755095,0.561668427862505,-0.177710394695853,-0.202242053655468,0.123106490485084,-0.309336152355778,-0.289167178849136,-0.302256689706135,-0.299513030726406,-0.307133187915931,-0.217005809249077,0.18757006998286,0.468939876088707,0.0982562885737654,0.18426690055574,0.416950478546263,0.410120634949401,0.911952981896078,0.444911911128976,0.435430860133546,0.460789952573049,0.457523284522014,0.0234014658438785,0.138830550938685,0.460202381519086,0.445391470766466,-0.232658136803725,-0.234083348613561,-0.0457192850496484,0.321660762598969,0.317889903624564,0.202387247767909,0.62208360153643,0.289613593413229,0.232038153751151,0.242380953919175,0.13833098535074,-0.142171817185965,0.12552003680689,0.0647073870955308,0.258332132534083,0.565188154240969,0.583429741891137,0.584078956470534,0.264239109871546,0.182830307901797,-0.187200772147128,0.508379374021038,0.554770551200002
"galK",0.112348407219083,0.153943273530287,0.388688112673278,0.489237244996805,0.839558884068325,-0.174423910218888,-0.00576695353397071,0.4386714745604,0.411100734579556,0.347170593475833,0.706191773389721,0.668954942168447,0.722797104283346,0.240487875513949,0.564935448065648,0.367251461249961,0.474973269883408,1,0.94978086077011,0.717289442516467,-0.666749986359855,-0.705702589010796,-0.185277508316819,-0.779010999983655,-0.780515848981221,-0.774686031372876,-0.788585210628814,-0.792533972981926,-0.764982235670789,0.00113432223573432,0.40731255049264,0.212488520350341,0.319785404839281,0.863088360970303,0.87777576892583,0.434017259001654,0.744368958034412,0.795938882937792,0.823873831735898,0.869861186938455,0.610199307320025,0.669219798188337,0.616833893356789,0.632610924996054,-0.71910964141653,-0.745739065785915,-0.480725302175184,0.757270462431412,0.786919992860146,0.629574248456723,0.713593634189982,0.154834939573985,-0.00825854662220373,-0.0132404951967884,0.170530596304582,0.096988648758532,0.456723922578087,0.334717926783071,0.300386474611988,0.603632099473977,0.700968987975723,0.566388873904356,0.316011367258304,0.564927482467651,-0.738101916780806,0.863355365623178,0.385973930015678
"galT",0.196058139611238,0.293366314113282,0.454447181747005,0.586798130498427,0.821479106367318,-0.111716573646362,0.0638073498555811,0.486973366009662,0.454821674507323,0.526858232682045,0.661194748803708,0.759336064400604,0.755766539536509,0.346583123697843,0.602661182585537,0.185829195474335,0.498263153755095,0.94978086077011,1,0.785082745903561,-0.628083352573765,-0.536577738431278,-0.0908334224456561,-0.726498281721693,-0.721764683400872,-0.721527689576399,-0.73103764375538,-0.733112553976369,-0.688405672408377,0.0533672524424981,0.445380196038458,0.366822445723906,0.518298318612325,0.725361635395689,0.775676575930998,0.533114880535766,0.685391727602796,0.746136493167939,0.782897614806172,0.805232509738652,0.664483181370331,0.730129050163005,0.644065500420211,0.643888533639885,-0.681888368023615,-0.694893547848991,-0.357794280898217,0.576906637032906,0.643493405771195,0.496038267965947,0.780248388495613,0.269828295790812,0.0939301244339632,0.0984530510799283,0.334021750107902,0.164390088824585,0.25644295958905,0.211705958398848,0.455276782498558,0.675944218691379,0.787635474994487,0.697568663145395,0.475031456314672,0.606137315356352,-0.676421668903904,0.818877561397734,0.454784019520689
"glmR",-0.120779333741806,0.222525819555399,0.331836496689374,0.487823095631637,0.602385684764471,-0.0634965962470599,0.0617291531971658,0.45249802496346,0.465619300085619,0.345353080886029,0.583293775202353,0.956257620648576,0.644409854979345,0.162406588741476,0.555112180878917,-0.0300563041675239,0.561668427862505,0.717289442516467,0.785082745903561,1,-0.697549265965176,-0.289857473178462,-0.0251931334595842,-0.739828712203038,-0.726116847181918,-0.733452384723284,-0.732090205471384,-0.730108789901901,-0.653693347310531,0.0476721652717147,0.487202476609736,0.280209933634827,0.443727779434058,0.469701962491685,0.506031599518871,0.641753139015931,0.668120652554888,0.732694403135946,0.771025762157241,0.763345483804223,0.579756907161789,0.668346750397345,0.53642443711369,0.527984413870776,-0.714790881174361,-0.70603264417631,-0.3987348576775,0.3892667576091,0.469165189251667,0.228817945150861,0.978170630566367,0.121265663842546,-0.0452146842838502,-0.105770759883831,0.161243732320278,-0.033135771453524,0.131471463886603,-0.057354159633767,0.205275005924494,0.872849770994446,0.97317901827595,0.903800170891741,0.341717326055757,0.60802633764354,-0.674243345254712,0.61072045963716,0.445951884527605
"hbuT",0.188605024084119,0.0774362255311713,-0.250192733607461,-0.320614882448165,-0.576102640346066,0.322383532427927,0.149416655104549,-0.445093845646111,-0.489042253552568,-0.103360259583217,-0.725618395132617,-0.605577347441121,-0.42382426253404,0.0678650867425726,-0.690333390609098,-0.269540786631918,-0.177710394695853,-0.666749986359855,-0.628083352573765,-0.697549265965176,1,0.562394424285175,0.317760399857973,0.941495235919566,0.946860352665355,0.940236425304628,0.944256378431946,0.940419315078494,0.935940957783711,0.14909981680975,-0.333830168380422,-0.0800748227101852,-0.240066276174358,-0.617163497572577,-0.634362563864025,-0.215683050275335,-0.779179356392247,-0.850795060655585,-0.846519524834451,-0.823158480677892,-0.554168973826105,-0.582983483568075,-0.569392854605683,-0.576660337055385,0.979819184255925,0.974933795123788,0.697416523887576,-0.579773227638253,-0.624074446229155,-0.399812752864355,-0.646785622387797,0.196052294923939,0.348608119862625,0.458774673037184,0.155397103092312,0.0999577100210645,-0.383972227447628,-0.0385293004907617,0.00517787264641967,-0.566497969863968,-0.661051481033744,-0.542617538333391,-0.266286018334463,-0.39804614677456,0.974260383253475,-0.504236908324832,-0.481526249478225
"ldt",0.071160723788018,0.164659566224087,-0.0822459055485112,-0.088145700407883,-0.571414188477117,0.26471592256541,0.165092198673163,-0.375368831031958,-0.343598711265253,0.058780918210652,-0.640388609091314,-0.184238336878928,-0.405548754399783,0.0358441792840469,-0.33077782964235,-0.592210649447281,-0.202242053655468,-0.705702589010796,-0.536577738431278,-0.289857473178462,0.562394424285175,1,0.338909200061686,0.621262791194947,0.635449515035983,0.618984169142472,0.634837487238968,0.642020489486985,0.683322505690044,0.137321234361083,-0.165491135071504,0.0489582287962964,0.0132270157624124,-0.836850357065374,-0.819268930949635,-0.0335910822783293,-0.630075141660551,-0.698097549551323,-0.659730461606498,-0.688371679300657,-0.462572857562768,-0.429507014793129,-0.442630739826582,-0.441330295647079,0.5866528696032,0.618990512615329,0.676298969113862,-0.764296776311095,-0.755912693031112,-0.682328006522315,-0.254808647704039,0.162079958055414,0.290543143081225,0.324780284134681,0.171955071650854,-0.00023170407723539,-0.623895103025235,-0.429124469660896,0.103924861590591,-0.211479377290544,-0.258878684719814,-0.0480965156486198,0.0564066821678145,-0.330415128196269,0.657608284511121,-0.596678146523229,-0.141093712264915
"melA",0.252122162322996,0.61244518937238,0.387991638481284,0.347651671692782,-0.0295868008205689,0.967441528714763,0.895417922834879,0.231812079935424,0.166043582548555,0.26505652202879,-0.132951743091613,0.00179151511223559,0.121177072026856,0.535468832373717,-0.135822425460312,-0.398048772085211,0.123106490485084,-0.185277508316819,-0.0908334224456561,-0.0251931334595842,0.317760399857973,0.338909200061686,1,0.278640127155667,0.308314725408994,0.285493870434055,0.295711771658087,0.302117346691295,0.370780069506339,0.840018460541691,0.493696206358486,0.569452314133155,0.151008114420581,-0.312594563975827,-0.266050515096325,0.0466665870272681,-0.235636335850141,-0.317916878821038,-0.326597049991119,-0.395118764937737,-0.184508006018304,-0.269063159083143,-0.00121774903777355,-0.0854016818813718,0.288466783622908,0.303824865791193,0.581862538282966,-0.356776409563619,-0.34329909763854,-0.530169151471011,-0.0276312897858433,0.57294459664407,0.580257153112075,0.485291530965329,0.503154088338951,0.473870939980925,-0.398020161144292,0.0530449523809063,0.421631292682872,0.18914242049968,0.0737898262135615,0.0716477132548994,-0.00946370386339401,0.280474011591095,0.317544567588808,0.120354857145712,-0.0416423938211448
"mmgA",0.195400115435233,0.0267997203022331,-0.263332354075864,-0.351049541946791,-0.644891562292687,0.272101835656505,0.0658134752574111,-0.51121499853727,-0.5468952519414,-0.0928134222221527,-0.725611183969141,-0.646300213730438,-0.546480560482411,-0.0427187531304244,-0.721696045693947,-0.337395040918729,-0.309336152355778,-0.779010999983655,-0.726498281721693,-0.739828712203038,0.941495235919566,0.621262791194947,0.278640127155667,1,0.998028191329756,0.997889186485974,0.99751400456531,0.995739743614601,0.97765671011262,0.0545691073470275,-0.463925625357757,-0.0716288286649761,-0.246140997185059,-0.752624383627694,-0.747399019724831,-0.301600815666493,-0.794807203093478,-0.840256564538042,-0.863002696635891,-0.862965442741716,-0.517944818895457,-0.56134602829944,-0.710843523840787,-0.720388570812548,0.972737323503618,0.976171928997282,0.718404674018957,-0.712320314263451,-0.755047202580082,-0.476900127484773,-0.696459168838463,0.112608822509697,0.268966164571358,0.338322368044304,0.14355678806785,0.142184354740342,-0.494627877257699,-0.112860221525502,-0.069751202674611,-0.626441702438907,-0.70435612864067,-0.574371048186443,-0.297313359026341,-0.448721280610001,0.965060985735272,-0.628728634170988,-0.545266668403461
"mmgB",0.201567728437253,0.0564569874476967,-0.252523406294705,-0.338201650922579,-0.648202451031395,0.299894057398806,0.0989188533517707,-0.485486997771755,-0.52502089137182,-0.0764542826968839,-0.731027984976331,-0.634462519677369,-0.534115767717972,-0.013203983960409,-0.71424941791393,-0.359302364199147,-0.289167178849136,-0.780515848981221,-0.721764683400872,-0.726116847181918,0.946860352665355,0.635449515035983,0.308314725408994,0.998028191329756,1,0.997791836247885,0.998684328514331,0.996967766771923,0.981850810456549,0.0887794818057556,-0.435382969792103,-0.0478373540413235,-0.220895225958003,-0.761322192744816,-0.755101646964179,-0.283970416227188,-0.793026184409354,-0.844282301594219,-0.863788563635093,-0.867215807683248,-0.523866586947211,-0.568329719030346,-0.688579269260645,-0.701429084609618,0.97444255321639,0.980488972783518,0.732712115851742,-0.726693581353593,-0.768739016087813,-0.500963879227452,-0.682790564502718,0.141288234072672,0.298124814945942,0.362310110478519,0.163276398114477,0.147744763841255,-0.509909205000478,-0.116838274431963,-0.0479480966195821,-0.605818298306487,-0.688439155461416,-0.559024969656248,-0.278724726563587,-0.432610867019991,0.971926740344803,-0.6214317002369,-0.531157324938331
"mmgC",0.198730902927733,0.0378409801557765,-0.253652225588482,-0.340236331682101,-0.631649168480742,0.275836712931361,0.0669570072858406,-0.494989818243325,-0.535550828822893,-0.07754577926104,-0.71579629007019,-0.640669795319491,-0.53620593671838,-0.0348861150918758,-0.728971623416331,-0.343877810421114,-0.302256689706135,-0.774686031372876,-0.721527689576399,-0.733452384723284,0.940236425304628,0.618984169142472,0.285493870434055,0.997889186485974,0.997791836247885,1,0.998217721486818,0.996814866773027,0.978563610721299,0.0548674425719689,-0.470949605730474,-0.0712129263311658,-0.237032055404826,-0.747755685528894,-0.737448308871052,-0.295443211369128,-0.787582203487924,-0.835849222749037,-0.855710295381623,-0.85380444254467,-0.508818700657285,-0.551611005140779,-0.707786025057067,-0.720672018620237,0.972089570325996,0.977138566008361,0.728410521981604,-0.715939561644308,-0.758954747027018,-0.470056202841254,-0.691070979757133,0.115574987558898,0.272029139826679,0.342466552128023,0.150532353318035,0.157927986819374,-0.506337742237297,-0.119980290066902,-0.0668548706457619,-0.627121027489589,-0.700701257843867,-0.568431632976842,-0.295703273022337,-0.441014618080432,0.966384694985799,-0.622722733349553,-0.55326784592499
"mmgD",0.186185676409385,0.045361846676484,-0.260320724957777,-0.345173158999074,-0.648702401670627,0.285839790664551,0.0810220553414459,-0.480645135368699,-0.520070692090023,-0.0803393816843579,-0.721711780734902,-0.640372558790235,-0.539679066893103,-0.0271797004374757,-0.715813258148416,-0.366929171694878,-0.299513030726406,-0.788585210628814,-0.73103764375538,-0.732090205471384,0.944256378431946,0.634837487238968,0.295711771658087,0.99751400456531,0.998684328514331,0.998217721486818,1,0.998840256175945,0.983587166751026,0.0693969724704058,-0.453098903673506,-0.0590824110530833,-0.230679666185549,-0.761673311767237,-0.752436868251012,-0.291057870705161,-0.801827191593572,-0.848315602518248,-0.869661727969835,-0.87001491295201,-0.522426482417682,-0.566520652634557,-0.692116485850278,-0.706612149129331,0.973884049779578,0.980709542027676,0.732632581784483,-0.731195447202802,-0.772666437920176,-0.49960456384205,-0.691148731846817,0.122201912441405,0.276777537282838,0.343788534956203,0.151999363547923,0.148156684586373,-0.518525308677336,-0.1313124076514,-0.0627186121889348,-0.620996884524813,-0.698818080721852,-0.563428162569429,-0.284622222495579,-0.436872808517761,0.9724443424025,-0.633602892556915,-0.54119725625535
"mmgE",0.182377127507409,0.0554448136694842,-0.251911914533175,-0.336693173224498,-0.644586028864464,0.288740595814479,0.0849713624056215,-0.470614682179905,-0.511134237941419,-0.072838782019947,-0.711430135367246,-0.636529799836524,-0.53686109146236,-0.0237004081108525,-0.711613932790321,-0.379887279665495,-0.307133187915931,-0.792533972981926,-0.733112553976369,-0.730108789901901,0.940419315078494,0.642020489486985,0.302117346691295,0.995739743614601,0.996967766771923,0.996814866773027,0.998840256175945,1,0.986032579144255,0.0724366262863944,-0.453615716632511,-0.0524163241320828,-0.223837613309132,-0.767066607863841,-0.754661998542886,-0.296979838449637,-0.806093708145332,-0.853264959000475,-0.873325095696375,-0.873418716010855,-0.51907213720654,-0.565171035747448,-0.689900918654783,-0.707364318109282,0.971499712438366,0.979417699952707,0.739752140398004,-0.740794270375281,-0.781819013801003,-0.509874544536457,-0.689956909256108,0.123921118083197,0.277113549789342,0.343193804544886,0.158825512616206,0.15956306102435,-0.528839020380987,-0.144662085183294,-0.0600652349440842,-0.621640331333458,-0.697248859082951,-0.556291282651047,-0.283040400654871,-0.431458050175088,0.971727557726503,-0.633001603594526,-0.542337867642287
"mmgF",0.166599741689944,0.127575755183384,-0.207156736590026,-0.276296738292358,-0.609390070034685,0.348076889144347,0.146346059001295,-0.450385270491088,-0.501549751065529,-0.0330531997043036,-0.720554490988423,-0.545890498824312,-0.476447278111423,0.0328982799344358,-0.678767458539367,-0.432969784300088,-0.217005809249077,-0.764982235670789,-0.688405672408377,-0.653693347310531,0.935940957783711,0.683322505690044,0.370780069506339,0.97765671011262,0.981850810456549,0.978563610721299,0.983587166751026,0.986032579144255,1,0.129971276937872,-0.387306901607123,-0.00166642480221047,-0.191118848804626,-0.771398452660737,-0.753300718194832,-0.197873997806129,-0.810732173068755,-0.848727406523119,-0.86922886683028,-0.86806114007217,-0.532636393682935,-0.55895841473872,-0.66758387407581,-0.693281408286084,0.963671642050119,0.972205491075102,0.800724883790478,-0.74701181861042,-0.784432597552631,-0.553785580605281,-0.603892791387063,0.175631866793816,0.321285993468219,0.3855974653956,0.214736024207118,0.17869361316035,-0.541870689562716,-0.151640043109404,0.00159243231686873,-0.546457165892263,-0.613477144762833,-0.459824630018199,-0.26490397524128,-0.379737188749441,0.974119500956082,-0.58117500107236,-0.493157721680225
"msmE",0.336627156738753,0.688627595700458,0.484426885633556,0.421435803952781,0.078407675646104,0.882299124729799,0.97863667624773,0.356001771685744,0.300033580534613,0.244439694245971,-0.0377277187677363,0.0445687582357512,0.228569745667532,0.699327483078033,0.0928998996008333,-0.197585870036363,0.18757006998286,0.00113432223573432,0.0533672524424981,0.0476721652717147,0.14909981680975,0.137321234361083,0.840018460541691,0.0545691073470275,0.0887794818057556,0.0548674425719689,0.0693969724704058,0.0724366262863944,0.129971276937872,1,0.75859418188482,0.678654928384371,0.245413600203639,-0.0669322481445395,-0.0608026044120222,0.0400280290861015,0.0186557718685851,-0.120566871400308,-0.113325676345003,-0.19997678232695,-0.219715034155892,-0.290442660115958,0.209582867260139,0.150643781628964,0.0705571564918586,0.0834162984276791,0.391386473030784,-0.107615732882631,-0.117618846310932,-0.465993650326507,0.0537228135227341,0.71707382994459,0.697212125645492,0.526863364338438,0.50312250240032,0.49392736294662,-0.0665123163728204,0.317690548236807,0.565613841336098,0.323915042359971,0.137549170012637,0.0729497740634219,0.0276216507811518,0.259094722146115,0.100645590485995,0.345358879674613,0.183946195996966
"msmR",-0.00666384732748131,0.466686215560056,0.331672178836741,0.356587488087169,0.252875326002535,0.524642127597052,0.713384962843578,0.527639206521898,0.524637602607661,0.187603388458937,0.251224288400483,0.446797699563169,0.384611035885009,0.519052357111113,0.553969321884882,-0.0399367540984971,0.468939876088707,0.40731255049264,0.445380196038458,0.487202476609736,-0.333830168380422,-0.165491135071504,0.493696206358486,-0.463925625357757,-0.435382969792103,-0.470949605730474,-0.453098903673506,-0.453615716632511,-0.387306901607123,0.75859418188482,1,0.567285724912027,0.286690041294853,0.365570059913309,0.338910673923203,0.36023309978476,0.471138841218568,0.369725961917807,0.401075333340215,0.326223694650437,0.0992628203076112,0.0789279878552104,0.578851051635558,0.572902160679534,-0.411756416272302,-0.407512367495275,-0.0835583920112626,0.306953648597792,0.338700954677176,-0.165792178186929,0.470652862230436,0.500491415834325,0.377690506739495,0.197193947073331,0.205842448025232,0.119930962010782,0.217594337985333,0.213946761957705,0.426956960398944,0.64673287752614,0.531472937453193,0.405969743446205,0.241430331818162,0.34608474655016,-0.378324111946634,0.558884229491053,0.571143049638361
"msmX",0.405283026141381,0.749752641685024,0.597704309002276,0.594292743575188,0.271613520002697,0.568308184110014,0.675363771519422,0.580627564997656,0.536735078940521,0.536519455746352,0.280977567921204,0.241302398243425,0.409898584783604,0.685737119274954,0.329416576287409,-0.397753453030846,0.0982562885737654,0.212488520350341,0.366822445723906,0.280209933634827,-0.0800748227101852,0.0489582287962964,0.569452314133155,-0.0716288286649761,-0.0478373540413235,-0.0712129263311658,-0.0590824110530833,-0.0524163241320828,-0.00166642480221047,0.678654928384371,0.567285724912027,1,0.598707586343863,-0.0312682847668485,0.0567800360050892,0.100205400499674,0.154113407590174,0.118625159694439,0.0859574312367564,-0.0202148974215028,0.301658326940146,0.21071271087492,0.312745238944515,0.250268946658124,-0.106261217408597,-0.0888725958299702,0.319324392849549,-0.222302943720711,-0.16769677183027,-0.486372824065407,0.260645025447011,0.699111316278228,0.562930350509158,0.352738422366087,0.700603758281044,0.64946551804318,-0.276201065635573,0.173188959412853,0.672284384822586,0.484977145797244,0.366502658034611,0.295698819950269,0.280312772373695,0.516121108042027,-0.0653942896357133,0.418969772247674,0.143616187599954
