"","cgeC","cgeD","cgeE","cotQ","cotS","cotSA","cwlH","ftsY","spoVIF","spsA","spsB","spsC","spsD","spsE","spsF","spsG","spsI","spsJ","spsK","spsL","sscA","sspG","yeeK","yfnD","yfnE","yfnF","yfnG","yfnH","yjzB","ykzQ","ylbD","ylbE","ymaG","yodU","yppG","ytxO","yurS","yxeE","gerE","gerR","spoIIID"
"cgeC",1,0.885546924573629,0.678498932510814,0.936540278956291,0.955507957863779,0.95785821936733,0.928056795419747,-0.565568567551583,0.973175303097453,0.973310244362437,0.968774285533897,0.962646062588226,0.962776584820834,0.966036923354898,0.96378035961016,0.967545780587562,0.954233230611606,0.951961587359511,0.950364620675354,0.955455208598243,0.978887050961809,0.97668223403954,0.948037847230285,0.971001542656634,0.982861628697185,0.978855990673465,0.981308829675909,0.980588822500826,0.914546939064751,0.897736120343077,0.887820001360851,0.872687768608902,0.961854003006993,0.968031751405703,0.889884346468631,0.945647832601792,0.982199593499025,0.953037690292491,0.929154940331441,0.826379359737617,0.836034697095163
"cgeD",0.885546924573629,1,0.882226498115636,0.907498848879604,0.91110159735576,0.906216393802527,0.879896043483459,-0.54748498949598,0.828936873809285,0.903021652440236,0.905945799642409,0.914944112728316,0.909646244256325,0.905570595913541,0.904842167308076,0.902139474743261,0.90270570989978,0.893535187781006,0.887515088517823,0.885958449775002,0.848420996531776,0.850429548020712,0.858006402929792,0.899940983323507,0.911951112402548,0.904285021248664,0.908881512224551,0.901938546635214,0.895853879627086,0.864923239226457,0.851731943529637,0.851223088547884,0.849521365327016,0.908621150396248,0.859543996331934,0.908466654369654,0.85703587587236,0.827996695302601,0.878724506831647,0.749947693609617,0.72196043520487
"cgeE",0.678498932510814,0.882226498115636,1,0.685364646394243,0.7098619333049,0.707699555301793,0.67847481806173,-0.41433253214086,0.645152359964502,0.702333188924029,0.706705027901037,0.721224020124164,0.70871503216361,0.701219531669598,0.696842824878907,0.694638783635128,0.69711720739544,0.676286361772444,0.667686445302003,0.671541823407437,0.654849819913346,0.680371820475836,0.648474732686768,0.703865481053224,0.707512313518337,0.700898841663008,0.708349739058078,0.700334628236126,0.716181086052259,0.66700326127189,0.665978433268333,0.674715958915365,0.658280060702211,0.706345890238428,0.676360186117732,0.716805682380625,0.678411919684234,0.637232882282766,0.673448181058954,0.520580940416911,0.502110780890157
"cotQ",0.936540278956291,0.907498848879604,0.685364646394243,1,0.977907094911177,0.97248914199086,0.909832530009384,-0.580026188946607,0.893555115095724,0.969622061116055,0.973441126754939,0.977186964713446,0.977778807413919,0.978045293597901,0.978803835766724,0.977352298650205,0.978477484671743,0.978122058552234,0.978226534054444,0.977039716418605,0.920555619996151,0.879492140676341,0.941252560790462,0.970422250972974,0.969311721934769,0.951112160842308,0.953608574588703,0.946893005838782,0.965479299767507,0.932956191635192,0.948137440437716,0.939991544398226,0.929463043633856,0.933030223465558,0.950723415101572,0.975332390324023,0.895418612956004,0.912746149363335,0.933745263285765,0.840390048693539,0.828048534030334
"cotS",0.955507957863779,0.91110159735576,0.7098619333049,0.977907094911177,1,0.998784946233512,0.8842262064331,-0.595092998363171,0.925357221716973,0.983524326584287,0.984074804093752,0.986938065354913,0.985339966954348,0.988042676237938,0.987839532763171,0.987297632868452,0.986364277464345,0.983798616780237,0.982886919742625,0.981442266328455,0.951853143767363,0.909389922259932,0.96679766883631,0.977593272496415,0.9822511993102,0.956747737180506,0.961671999535733,0.955658322656521,0.977148433753625,0.927481674362316,0.972439330107052,0.964549785157979,0.962529317510793,0.940996272870851,0.968562086696835,0.994586029991409,0.920348940968089,0.944835045310065,0.967712773931641,0.845277905591691,0.825898894751129
"cotSA",0.95785821936733,0.906216393802527,0.707699555301793,0.97248914199086,0.998784946233512,1,0.877327888945976,-0.590326970964226,0.932890910750095,0.984725205477397,0.983768874796492,0.985908325751439,0.984054539515777,0.986835612724614,0.986517727425076,0.986368790043887,0.984719345424629,0.982290202068841,0.981579301039928,0.980310165896365,0.957466958466174,0.914303660415545,0.970495394760131,0.977006564818464,0.981677572759428,0.954326912401637,0.960120198694247,0.954233740202987,0.974380813879739,0.919559049504627,0.972263800610112,0.963022307800442,0.967681682237957,0.936697963365905,0.967791955200643,0.994430409061444,0.923758826550025,0.95144556030785,0.966108465322244,0.848020387349161,0.828967356247688
"cwlH",0.928056795419747,0.879896043483459,0.67847481806173,0.909832530009384,0.8842262064331,0.877327888945976,1,-0.503707857255194,0.873368258704607,0.914828045760119,0.920392759564801,0.9210232041808,0.920905863554398,0.918579653904925,0.916381686583082,0.917985587263604,0.908945696009098,0.906251231109374,0.901410671131264,0.907143645975893,0.885981999608682,0.893378422936287,0.866753303600711,0.932536878237014,0.939024762739105,0.958338956595905,0.954768711209844,0.956990391591033,0.873646199939393,0.907473502883732,0.806984992053739,0.806091111871941,0.864836468922234,0.948666502882074,0.820105768687016,0.873949769868088,0.907241207832378,0.854051752632456,0.863414349127429,0.769292407140403,0.779864219991802
"ftsY",-0.565568567551583,-0.54748498949598,-0.41433253214086,-0.580026188946607,-0.595092998363171,-0.590326970964226,-0.503707857255194,1,-0.530221219143994,-0.574528456428962,-0.582428185218324,-0.569922503112487,-0.573079950904285,-0.575089916270197,-0.576131740939206,-0.57382025886764,-0.541748585658261,-0.592428554900885,-0.60130519652428,-0.606355220517179,-0.557862867664136,-0.538180841857327,-0.575469999480216,-0.537561044889221,-0.568737690036801,-0.570618611551229,-0.566314663048741,-0.560607617630246,-0.594851055683493,-0.593363326549505,-0.580927683485807,-0.580645465482911,-0.548753586171687,-0.649153832229931,-0.595370754832402,-0.594068265091723,-0.549606575426037,-0.539656329736878,-0.554084203870828,-0.661411010332945,-0.651336107150809
"spoVIF",0.973175303097453,0.828936873809285,0.645152359964502,0.893555115095724,0.925357221716973,0.932890910750095,0.873368258704607,-0.530221219143994,1,0.963984875918081,0.955322386343184,0.943135927158212,0.944735308919388,0.946090761426256,0.944066689551041,0.947140255926038,0.930541896402696,0.928601141457151,0.92885006879799,0.937284009618791,0.99195024891344,0.971787943306189,0.951159155283497,0.938939854828317,0.954313554669337,0.931495703840086,0.937015618736023,0.937185674629761,0.881424797359162,0.846502386353047,0.882517461341695,0.866907871114903,0.973611611902627,0.916852534427283,0.890512553730439,0.916093526330314,0.970944520123756,0.974997408930805,0.909249379653941,0.821320333838728,0.852001396958265
"spsA",0.973310244362437,0.903021652440236,0.702333188924029,0.969622061116055,0.983524326584287,0.984725205477397,0.914828045760119,-0.574528456428962,0.963984875918081,1,0.998144841360658,0.995293936966697,0.995988429863753,0.994786700135917,0.994347165098196,0.994710034139991,0.986875558299257,0.985027864396081,0.983748051676748,0.98571881876391,0.977550036940851,0.93917269410807,0.981079689821621,0.982195484304222,0.990504096136558,0.965377383495382,0.969792937794659,0.966213339426878,0.954956317549496,0.916747111433417,0.951775605685158,0.944025754529737,0.979651204853839,0.95068372837511,0.956520251910634,0.97631080487633,0.947208154236358,0.971449785554528,0.957755901913622,0.858720511271218,0.863867427838276
"spsB",0.968774285533897,0.905945799642409,0.706705027901037,0.973441126754939,0.984074804093752,0.983768874796492,0.920392759564801,-0.582428185218324,0.955322386343184,0.998144841360658,1,0.9973638104864,0.99820951497795,0.997042442157867,0.996876535885521,0.996102088177,0.989611491353663,0.988239448068639,0.986201604856754,0.987773515790574,0.971483996178402,0.93150881441245,0.97656749568098,0.983471645820462,0.990706540021777,0.967737193826014,0.971350177725933,0.96666369567353,0.958050419479475,0.9231998806474,0.952102245781677,0.946061189574919,0.974608492381196,0.954004283744635,0.959692436180122,0.975646850272113,0.941063088077017,0.964248157349654,0.958837798139599,0.857424630772157,0.861960904151004
"spsC",0.962646062588226,0.914944112728316,0.721224020124164,0.977186964713446,0.986938065354913,0.985908325751439,0.9210232041808,-0.569922503112487,0.943135927158212,0.995293936966697,0.9973638104864,1,0.998795506972503,0.997901297678329,0.997177583465897,0.997134696442464,0.992978526368599,0.990417916460618,0.988007217100734,0.98837483849528,0.961241637444769,0.923349097058629,0.970315421989375,0.984727413580343,0.991124344665036,0.967969768728084,0.97195366345926,0.967490436822375,0.962757814005812,0.926097562487007,0.956892663463072,0.951893218377522,0.965997149639706,0.950889424991968,0.962144939953092,0.981211512746198,0.932659697990223,0.954604922821505,0.958596035728944,0.850298301792779,0.846543140411782
"spsD",0.962776584820834,0.909646244256325,0.70871503216361,0.977778807413919,0.985339966954348,0.984054539515777,0.920905863554398,-0.573079950904285,0.944735308919388,0.995988429863753,0.99820951497795,0.998795506972503,1,0.99817052056601,0.99818209843086,0.997455913796704,0.993557054884733,0.991111065243897,0.98846463007967,0.988714497357265,0.962385194902575,0.922196021426167,0.971561768391224,0.98428452823513,0.99090665469115,0.967480542064915,0.970872930753875,0.966642445623942,0.958665584236557,0.925734124379885,0.954646730649588,0.948941903539128,0.967530621810714,0.951050902114156,0.961546346243044,0.97770477529083,0.932363316435791,0.956722931852841,0.959501159410984,0.850714195033935,0.852168907531863
"spsE",0.966036923354898,0.905570595913541,0.701219531669598,0.978045293597901,0.988042676237938,0.986835612724614,0.918579653904925,-0.575089916270197,0.946090761426256,0.994786700135917,0.997042442157867,0.997901297678329,0.99817052056601,1,0.999396269442046,0.998919227513601,0.995501144729624,0.993244987603216,0.99094156611779,0.990497007331648,0.964320332875796,0.927244588595848,0.969253864121275,0.986823616605688,0.992771019583265,0.971606517887139,0.974773239536372,0.969906762559665,0.962434787662768,0.932670053871505,0.957623944508557,0.949942151348075,0.968008496971198,0.952162084624215,0.962021298380879,0.980122741271005,0.937547782089458,0.955296377835129,0.962679177086325,0.849650911426576,0.848152064138857
"spsF",0.96378035961016,0.904842167308076,0.696842824878907,0.978803835766724,0.987839532763171,0.986517727425076,0.916381686583082,-0.576131740939206,0.944066689551041,0.994347165098196,0.996876535885521,0.997177583465897,0.99818209843086,0.999396269442046,1,0.998519353001306,0.995574903786098,0.993608138388328,0.991151426963576,0.990353363801144,0.963032135568599,0.923813220238596,0.968714647523536,0.985480549909663,0.991388580169117,0.969210202808199,0.972355098150537,0.967257294988182,0.961843096695475,0.931792668492867,0.95833343631967,0.950663234170327,0.966773658057751,0.950638492348839,0.963715571073249,0.979192494150302,0.934573002133636,0.954436768816892,0.963100408215146,0.851655985265599,0.850838940104605
"spsG",0.967545780587562,0.902139474743261,0.694638783635128,0.977352298650205,0.987297632868452,0.986368790043887,0.917985587263604,-0.57382025886764,0.947140255926038,0.994710034139991,0.996102088177,0.997134696442464,0.997455913796704,0.998919227513601,0.998519353001306,1,0.995048611290977,0.99279901511046,0.991080094985192,0.990534236492668,0.96511185605308,0.927992995425616,0.969741981915897,0.985965030834264,0.992707275993991,0.970453434278642,0.9737712024311,0.969410661551879,0.958714240513876,0.933496296430633,0.957665131674754,0.948789442099147,0.968714568719017,0.951042860330718,0.959652797625521,0.980057773684239,0.93778571233438,0.957586793299316,0.958105345425635,0.848215117416551,0.848841243693328
"spsI",0.954233230611606,0.90270570989978,0.69711720739544,0.978477484671743,0.986364277464345,0.984719345424629,0.908945696009098,-0.541748585658261,0.930541896402696,0.986875558299257,0.989611491353663,0.992978526368599,0.993557054884733,0.995501144729624,0.995574903786098,0.995048611290977,1,0.991235770516508,0.987545918497801,0.984178973585738,0.95034298849649,0.912487460929108,0.958806947373186,0.985568917426579,0.987697445634238,0.966320649042435,0.970001510638556,0.964885286597664,0.962724373040656,0.937651389016206,0.959422905177636,0.950765087198637,0.957211569574055,0.938566811601409,0.960708229500531,0.979749342615955,0.923743470099088,0.942125125129197,0.957849074363469,0.826750541158855,0.820974808992142
"spsJ",0.951961587359511,0.893535187781006,0.676286361772444,0.978122058552234,0.983798616780237,0.982290202068841,0.906251231109374,-0.592428554900885,0.928601141457151,0.985027864396081,0.988239448068639,0.990417916460618,0.991111065243897,0.993244987603216,0.993608138388328,0.99279901511046,0.991235770516508,1,0.997763389567231,0.995034422286822,0.950690670459736,0.906832899895209,0.960988886534062,0.982135708061993,0.984394917521548,0.961326359580897,0.964472955674141,0.959465213388306,0.961588558021258,0.928952656982789,0.958352129622638,0.950881162483255,0.956880319120667,0.939678636158246,0.96471371440894,0.978236884464809,0.918636108402803,0.943328142231989,0.952274045479175,0.881467439106365,0.869167809866154
"spsK",0.950364620675354,0.887515088517823,0.667686445302003,0.978226534054444,0.982886919742625,0.981579301039928,0.901410671131264,-0.60130519652428,0.92885006879799,0.983748051676748,0.986201604856754,0.988007217100734,0.98846463007967,0.99094156611779,0.991151426963576,0.991080094985192,0.987545918497801,0.997763389567231,1,0.997443897406612,0.952148633809011,0.904133350261414,0.962333505822187,0.97861394459553,0.981894979812365,0.955692954045873,0.959127250796639,0.954294378891979,0.962470898978136,0.928675855142631,0.962512284615327,0.954826786287762,0.958810646772117,0.937634982655054,0.96616348008838,0.980364627682513,0.915464942126857,0.945249612396223,0.94937740743529,0.887262348416696,0.874372642002332
"spsL",0.955455208598243,0.885958449775002,0.671541823407437,0.977039716418605,0.981442266328455,0.980310165896365,0.907143645975893,-0.606355220517179,0.937284009618791,0.98571881876391,0.987773515790574,0.98837483849528,0.988714497357265,0.990497007331648,0.990353363801144,0.990534236492668,0.984178973585738,0.995034422286822,0.997443897406612,1,0.959189172705303,0.911584199033315,0.964350818758168,0.978828422128226,0.98245311353518,0.956388374431181,0.959955936049194,0.95551584918063,0.962197816034028,0.925140654454331,0.959878948848863,0.953616431467978,0.964564577745598,0.941289805452024,0.968124072462557,0.978202864086056,0.922723969062123,0.95191125987208,0.949476250231265,0.893948824564766,0.88767975953589
"sscA",0.978887050961809,0.848420996531776,0.654849819913346,0.920555619996151,0.951853143767363,0.957466958466174,0.885981999608682,-0.557862867664136,0.99195024891344,0.977550036940851,0.971483996178402,0.961241637444769,0.962385194902575,0.964320332875796,0.963032135568599,0.96511185605308,0.95034298849649,0.950690670459736,0.952148633809011,0.959189172705303,1,0.959683484316269,0.967698194484733,0.959469419761105,0.970511819544836,0.944361613610467,0.948991059228414,0.947987136201137,0.913695428928189,0.878636135806701,0.913588985318848,0.901504168040334,0.987411215099721,0.932139208907132,0.91841179895904,0.942794904967319,0.963154830375554,0.982936082373987,0.931840184373022,0.844095327333289,0.864791544365006
"sspG",0.97668223403954,0.850429548020712,0.680371820475836,0.879492140676341,0.909389922259932,0.914303660415545,0.893378422936287,-0.538180841857327,0.971787943306189,0.93917269410807,0.93150881441245,0.923349097058629,0.922196021426167,0.927244588595848,0.923813220238596,0.927992995425616,0.912487460929108,0.906832899895209,0.904133350261414,0.911584199033315,0.959683484316269,1,0.902619692725038,0.934370782620366,0.948493725939762,0.952486519976504,0.956622432619686,0.957482971413828,0.875500553926379,0.856303145804609,0.84129293130327,0.824232080610873,0.924651942305359,0.937037569142413,0.847531361952471,0.898916311229283,0.99799823841629,0.919921431976658,0.891857658643448,0.776635722650343,0.793782947985882
"yeeK",0.948037847230285,0.858006402929792,0.648474732686768,0.941252560790462,0.96679766883631,0.970495394760131,0.866753303600711,-0.575469999480216,0.951159155283497,0.981079689821621,0.97656749568098,0.970315421989375,0.971561768391224,0.969253864121275,0.968714647523536,0.969741981915897,0.958806947373186,0.960988886534062,0.962333505822187,0.964350818758168,0.967698194484733,0.902619692725038,1,0.951430526776089,0.962348749582748,0.922721304926404,0.92936429579718,0.92494462733143,0.932571824775663,0.876911795045657,0.946084552115925,0.938400566244334,0.982391171830463,0.91800520337784,0.943518158790911,0.960559944513693,0.910707476378988,0.978344139532596,0.94199247790741,0.862989729135748,0.86686082930501
"yfnD",0.971001542656634,0.899940983323507,0.703865481053224,0.970422250972974,0.977593272496415,0.977006564818464,0.932536878237014,-0.537561044889221,0.938939854828317,0.982195484304222,0.983471645820462,0.984727413580343,0.98428452823513,0.986823616605688,0.985480549909663,0.985965030834264,0.985568917426579,0.982135708061993,0.97861394459553,0.978828422128226,0.959469419761105,0.934370782620366,0.951430526776089,1,0.992795076764162,0.982171633702269,0.983783498760294,0.980942738995712,0.959806022287121,0.939235518187419,0.932319314127399,0.924439910843173,0.955070036842867,0.951233376609045,0.935427561508572,0.970784024842893,0.945744621111148,0.937596752497088,0.94829993147344,0.836729589987846,0.829072745520099
"yfnE",0.982861628697185,0.911951112402548,0.707512313518337,0.969311721934769,0.9822511993102,0.981677572759428,0.939024762739105,-0.568737690036801,0.954313554669337,0.990504096136558,0.990706540021777,0.991124344665036,0.99090665469115,0.992771019583265,0.991388580169117,0.992707275993991,0.987697445634238,0.984394917521548,0.981894979812365,0.98245311353518,0.970511819544836,0.948493725939762,0.962348749582748,0.992795076764162,1,0.987413292312633,0.989454562249879,0.987490795378933,0.954040849137979,0.936271410670001,0.935039504657943,0.926639122378509,0.964741782202318,0.968713516027066,0.93767720539995,0.974193521906098,0.957524873996491,0.950602727593533,0.957887077548675,0.840526894756373,0.835292561867181
"yfnF",0.978855990673465,0.904285021248664,0.700898841663008,0.951112160842308,0.956747737180506,0.954326912401637,0.958338956595905,-0.570618611551229,0.931495703840086,0.965377383495382,0.967737193826014,0.967969768728084,0.967480542064915,0.971606517887139,0.969210202808199,0.970453434278642,0.966320649042435,0.961326359580897,0.955692954045873,0.956388374431181,0.944361613610467,0.952486519976504,0.922721304926404,0.982171633702269,0.987413292312633,1,0.998692746411033,0.997912889023649,0.935321611651849,0.939999507404224,0.887633140049428,0.877753793477484,0.927337645252318,0.978556730062309,0.892367561885238,0.946406487163183,0.96324564806787,0.911772959480015,0.933651223498059,0.804425163857516,0.797787953045621
"yfnG",0.981308829675909,0.908881512224551,0.708349739058078,0.953608574588703,0.961671999535733,0.960120198694247,0.954768711209844,-0.566314663048741,0.937015618736023,0.969792937794659,0.971350177725933,0.97195366345926,0.970872930753875,0.974773239536372,0.972355098150537,0.9737712024311,0.970001510638556,0.964472955674141,0.959127250796639,0.959955936049194,0.948991059228414,0.956622432619686,0.92936429579718,0.983783498760294,0.989454562249879,0.998692746411033,1,0.998311579879405,0.940605993079357,0.938688572956017,0.89605656765919,0.886117906284355,0.933249492106346,0.976557905556944,0.900660499615364,0.952899309885004,0.966503133823039,0.918479105270754,0.937120521728672,0.810162653641448,0.802354779562991
"yfnH",0.980588822500826,0.901938546635214,0.700334628236126,0.946893005838782,0.955658322656521,0.954233740202987,0.956990391591033,-0.560607617630246,0.937185674629761,0.966213339426878,0.96666369567353,0.967490436822375,0.966642445623942,0.969906762559665,0.967257294988182,0.969410661551879,0.964885286597664,0.959465213388306,0.954294378891979,0.95551584918063,0.947987136201137,0.957482971413828,0.92494462733143,0.980942738995712,0.987490795378933,0.997912889023649,0.998311579879405,1,0.933545378370621,0.936642237310084,0.888194573780199,0.879062335448482,0.930051468872887,0.975629491921601,0.891889610717317,0.947415766303975,0.966783845740629,0.916270864143189,0.933466487032625,0.805357537614851,0.797898498840583
"yjzB",0.914546939064751,0.895853879627086,0.716181086052259,0.965479299767507,0.977148433753625,0.974380813879739,0.873646199939393,-0.594851055683493,0.881424797359162,0.954956317549496,0.958050419479475,0.962757814005812,0.958665584236557,0.962434787662768,0.961843096695475,0.958714240513876,0.962724373040656,0.961588558021258,0.962470898978136,0.962197816034028,0.913695428928189,0.875500553926379,0.932571824775663,0.959806022287121,0.954040849137979,0.935321611651849,0.940605993079357,0.933545378370621,1,0.929382951060965,0.959902508624601,0.959414915270714,0.921526338468462,0.91559565882776,0.961542649776048,0.979510273907548,0.889849626924225,0.899289145853068,0.941934370972075,0.835191333960362,0.801045560971334
"ykzQ",0.897736120343077,0.864923239226457,0.66700326127189,0.932956191635192,0.927481674362316,0.919559049504627,0.907473502883732,-0.593363326549505,0.846502386353047,0.916747111433417,0.9231998806474,0.926097562487007,0.925734124379885,0.932670053871505,0.931792668492867,0.933496296430633,0.937651389016206,0.928952656982789,0.928675855142631,0.925140654454331,0.878636135806701,0.856303145804609,0.876911795045657,0.939235518187419,0.936271410670001,0.939999507404224,0.938688572956017,0.936642237310084,0.929382951060965,1,0.905483199649166,0.902862353926417,0.87332928419803,0.916064983874425,0.89429127249156,0.918395773468471,0.873710924984147,0.847900641884201,0.881700163250009,0.761218117913151,0.746044751388546
"ylbD",0.887820001360851,0.851731943529637,0.665978433268333,0.948137440437716,0.972439330107052,0.972263800610112,0.806984992053739,-0.580927683485807,0.882517461341695,0.951775605685158,0.952102245781677,0.956892663463072,0.954646730649588,0.957623944508557,0.95833343631967,0.957665131674754,0.959422905177636,0.958352129622638,0.962512284615327,0.959878948848863,0.913588985318848,0.84129293130327,0.946084552115925,0.932319314127399,0.935039504657943,0.887633140049428,0.89605656765919,0.888194573780199,0.959902508624601,0.905483199649166,1,0.994809730317689,0.935793122936425,0.865550137919144,0.986530911128031,0.972349704137802,0.851887229760204,0.91959969920057,0.932984733842688,0.832535434147944,0.808854579344337
"ylbE",0.872687768608902,0.851223088547884,0.674715958915365,0.939991544398226,0.964549785157979,0.963022307800442,0.806091111871941,-0.580645465482911,0.866907871114903,0.944025754529737,0.946061189574919,0.951893218377522,0.948941903539128,0.949942151348075,0.950663234170327,0.948789442099147,0.950765087198637,0.950881162483255,0.954826786287762,0.953616431467978,0.901504168040334,0.824232080610873,0.938400566244334,0.924439910843173,0.926639122378509,0.877753793477484,0.886117906284355,0.879062335448482,0.959414915270714,0.902862353926417,0.994809730317689,1,0.92461530714805,0.858241041017875,0.986999664131497,0.964666452373397,0.836137373804373,0.906274919910614,0.929881467729605,0.836016462198898,0.805899041920234
"ymaG",0.961854003006993,0.849521365327016,0.658280060702211,0.929463043633856,0.962529317510793,0.967681682237957,0.864836468922234,-0.548753586171687,0.973611611902627,0.979651204853839,0.974608492381196,0.965997149639706,0.967530621810714,0.968008496971198,0.966773658057751,0.968714568719017,0.957211569574055,0.956880319120667,0.958810646772117,0.964564577745598,0.987411215099721,0.924651942305359,0.982391171830463,0.955070036842867,0.964741782202318,0.927337645252318,0.933249492106346,0.930051468872887,0.921526338468462,0.87332928419803,0.935793122936425,0.92461530714805,1,0.914533255803624,0.937166033193707,0.953083349516925,0.930548433404577,0.992426485524123,0.937784886069114,0.852625852992702,0.871786512855951
"yodU",0.968031751405703,0.908621150396248,0.706345890238428,0.933030223465558,0.940996272870851,0.936697963365905,0.948666502882074,-0.649153832229931,0.916852534427283,0.95068372837511,0.954004283744635,0.950889424991968,0.951050902114156,0.952162084624215,0.950638492348839,0.951042860330718,0.938566811601409,0.939678636158246,0.937634982655054,0.941289805452024,0.932139208907132,0.937037569142413,0.91800520337784,0.951233376609045,0.968713516027066,0.978556730062309,0.976557905556944,0.975629491921601,0.91559565882776,0.916064983874425,0.865550137919144,0.858241041017875,0.914533255803624,1,0.869856072642073,0.931575828178688,0.947493939356464,0.901042897752906,0.920577575660209,0.804085306735742,0.803287163374614
"yppG",0.889884346468631,0.859543996331934,0.676360186117732,0.950723415101572,0.968562086696835,0.967791955200643,0.820105768687016,-0.595370754832402,0.890512553730439,0.956520251910634,0.959692436180122,0.962144939953092,0.961546346243044,0.962021298380879,0.963715571073249,0.959652797625521,0.960708229500531,0.96471371440894,0.96616348008838,0.968124072462557,0.91841179895904,0.847531361952471,0.943518158790911,0.935427561508572,0.93767720539995,0.892367561885238,0.900660499615364,0.891889610717317,0.961542649776048,0.89429127249156,0.986530911128031,0.986999664131497,0.937166033193707,0.869856072642073,1,0.965842801810179,0.85914137626821,0.922964349044889,0.939939961936139,0.864582037546541,0.847290668159259
"ytxO",0.945647832601792,0.908466654369654,0.716805682380625,0.975332390324023,0.994586029991409,0.994430409061444,0.873949769868088,-0.594068265091723,0.916093526330314,0.97631080487633,0.975646850272113,0.981211512746198,0.97770477529083,0.980122741271005,0.979192494150302,0.980057773684239,0.979749342615955,0.978236884464809,0.980364627682513,0.978202864086056,0.942794904967319,0.898916311229283,0.960559944513693,0.970784024842893,0.974193521906098,0.946406487163183,0.952899309885004,0.947415766303975,0.979510273907548,0.918395773468471,0.972349704137802,0.964666452373397,0.953083349516925,0.931575828178688,0.965842801810179,1,0.908633114709504,0.93790274662288,0.956484540022292,0.845026123461459,0.817253250208568
"yurS",0.982199593499025,0.85703587587236,0.678411919684234,0.895418612956004,0.920348940968089,0.923758826550025,0.907241207832378,-0.549606575426037,0.970944520123756,0.947208154236358,0.941063088077017,0.932659697990223,0.932363316435791,0.937547782089458,0.934573002133636,0.93778571233438,0.923743470099088,0.918636108402803,0.915464942126857,0.922723969062123,0.963154830375554,0.99799823841629,0.910707476378988,0.945744621111148,0.957524873996491,0.96324564806787,0.966503133823039,0.966783845740629,0.889849626924225,0.873710924984147,0.851887229760204,0.836137373804373,0.930548433404577,0.947493939356464,0.85914137626821,0.908633114709504,1,0.923916474630068,0.90350563379758,0.787061701012231,0.804355690762244
"yxeE",0.953037690292491,0.827996695302601,0.637232882282766,0.912746149363335,0.944835045310065,0.95144556030785,0.854051752632456,-0.539656329736878,0.974997408930805,0.971449785554528,0.964248157349654,0.954604922821505,0.956722931852841,0.955296377835129,0.954436768816892,0.957586793299316,0.942125125129197,0.943328142231989,0.945249612396223,0.95191125987208,0.982936082373987,0.919921431976658,0.978344139532596,0.937596752497088,0.950602727593533,0.911772959480015,0.918479105270754,0.916270864143189,0.899289145853068,0.847900641884201,0.91959969920057,0.906274919910614,0.992426485524123,0.901042897752906,0.922964349044889,0.93790274662288,0.923916474630068,1,0.919171831487443,0.846785342846135,0.879159759455434
"gerE",0.929154940331441,0.878724506831647,0.673448181058954,0.933745263285765,0.967712773931641,0.966108465322244,0.863414349127429,-0.554084203870828,0.909249379653941,0.957755901913622,0.958837798139599,0.958596035728944,0.959501159410984,0.962679177086325,0.963100408215146,0.958105345425635,0.957849074363469,0.952274045479175,0.94937740743529,0.949476250231265,0.931840184373022,0.891857658643448,0.94199247790741,0.94829993147344,0.957887077548675,0.933651223498059,0.937120521728672,0.933466487032625,0.941934370972075,0.881700163250009,0.932984733842688,0.929881467729605,0.937784886069114,0.920577575660209,0.939939961936139,0.956484540022292,0.90350563379758,0.919171831487443,1,0.811035236593792,0.79531325513382
"gerR",0.826379359737617,0.749947693609617,0.520580940416911,0.840390048693539,0.845277905591691,0.848020387349161,0.769292407140403,-0.661411010332945,0.821320333838728,0.858720511271218,0.857424630772157,0.850298301792779,0.850714195033935,0.849650911426576,0.851655985265599,0.848215117416551,0.826750541158855,0.881467439106365,0.887262348416696,0.893948824564766,0.844095327333289,0.776635722650343,0.862989729135748,0.836729589987846,0.840526894756373,0.804425163857516,0.810162653641448,0.805357537614851,0.835191333960362,0.761218117913151,0.832535434147944,0.836016462198898,0.852625852992702,0.804085306735742,0.864582037546541,0.845026123461459,0.787061701012231,0.846785342846135,0.811035236593792,1,0.962090538302055
"spoIIID",0.836034697095163,0.72196043520487,0.502110780890157,0.828048534030334,0.825898894751129,0.828967356247688,0.779864219991802,-0.651336107150809,0.852001396958265,0.863867427838276,0.861960904151004,0.846543140411782,0.852168907531863,0.848152064138857,0.850838940104605,0.848841243693328,0.820974808992142,0.869167809866154,0.874372642002332,0.88767975953589,0.864791544365006,0.793782947985882,0.86686082930501,0.829072745520099,0.835292561867181,0.797787953045621,0.802354779562991,0.797898498840583,0.801045560971334,0.746044751388546,0.808854579344337,0.805899041920234,0.871786512855951,0.803287163374614,0.847290668159259,0.817253250208568,0.804355690762244,0.879159759455434,0.79531325513382,0.962090538302055,1
